tarih,sogan_yesil_(yerli),turp_kirmizi_(yerli),semiz_otu(bag)_yerli,armut_(yerli),biber_carli_(yerli),maydonoz_(yerli)_bag,kiraz_(yerli),biber_kıl_(yerli),havuc,visne_(yerli),biber_sivri_(yerli),salatalik_(yerli),patlican_(yerli),kayisi_(yerli),marul_(yerli)adet,kabak_(yerli),fasulye_(yerli),domates_(yerli),biber_dolma_(yerli),kabak_(beyaz),misir_(taze)adet,patates(ii.),domates_(ceri),marul_(mor)adet,marul_(muhtelif)adet,marul_(aysberk)adet,biber_(koy),brokoli,patates_(taze),domates_(ii),sogan_taze_(yesil),biber_(ii),roka(bag),patates,pirasa,pazi,barbunya,turp_muhtelif,tere,sogan_(goger),salatalik_(silor),salatalik_(muhtelif),sogan_(kırmızı),sogan_(kuru),sarimsak_(kuru),sarimsak_(taze),semiz_otu(bag),pancar_(kırmızı),salatalik_(kornison),lahana_(buruksel),asma_yapragi,hirtlak,domates_(koy),karpuz_(ithal),fasulye_(muhtelif),feslegen(reyhan)bag,ispanak,karnabahar,kereviz,kabak_(kara),kabak_(bal),kavun_(ithal),enginar(adet),dere_otu_(bag),bakla,bezelye_(araka),biber_(sivri),biber_(dolma),biber_(carli),biber_(cin),biber_salcalık_(kapya),biber_kıl,lahana_(beyaz),lahana_(mor),biber_(kıl),patlican_(kemer),mandalin_(ii),domates_(salkım),domates_(muhtelif),dometes_(salcalık),salatalik_(ii),sogan_(ii),limon_(ii),nane(bag),patlican_(topak),mantar_(kultur),maydonoz_(bag),patates.1,bamya,eksi_ot_(bag),incir,kestane,hurma
2019-01-08,0.3,3.0,1.5,0.5,5.0,1.0,0.5,1.0,1.0,0.8,0.5,2.0,1.0,1.5,0.5,0.7,3.5,1.0,0.5,0.8,1.0,2.0,2.0,0.5,1.0,3.0,1.0,0.5,0.5,0.5,1.0,7.0,0.8,10.0,1.0,2.5,0.5,2.0,1.0,4.0,0.5,0.3,1.0,1.5,1.0,2.0,2.5,0.5,0.5,1.5,0.5,1.5,1.0,1.2,0.5,0.7,5.0,0.3,1.5,4.0,0.5,4.0,3.0,1.5,7.0,8.0,4.5,2.0,4.0,5.0,1.0,5.0,0.3,2.0,3.5,1.5,2.0,5.0,3.0,1.0,0.5,0.0,,,,,,,,,,,
2019-02-09,0.3,1.5,0.5,0.5,0.7,0.8,0.5,2.0,0.5,1.0,0.5,0.7,1.5,1.0,0.5,0.8,0.5,2.0,2.0,0.5,1.0,4.0,1.0,0.5,0.5,0.5,0.5,15.0,0.5,2.5,1.0,2.0,0.5,1.5,1.5,1.5,0.5,0.5,0.5,1.5,0.5,3.5,1.5,0.5,0.5,1.0,0.7,1.0,0.5,0.5,0.5,0.7,5.0,0.3,1.5,4.0,0.5,5.0,1.5,1.5,10.0,8.0,5.5,2.0,4.0,5.0,1.0,3.0,0.3,3.0,3.0,1.5,1.5,5.0,0.5,0.0,,,,,,,,,,,,,,,,,
2019-02-12,0.5,1.0,2.0,1.0,0.5,0.8,1.5,1.5,2.5,0.5,1.0,1.0,0.7,0.5,1.5,1.0,0.8,15.0,0.7,2.0,0.7,1.0,0.7,1.5,1.0,0.6,0.5,1.5,2.0,1.0,1.5,2.0,0.5,0.5,3.0,0.7,2.5,1.0,0.5,1.0,7.0,0.3,0.5,8.0,1.5,1.0,0.7,2.0,0.7,3.0,7.5,4.0,2.0,1.5,4.0,0.5,2.0,5.0,1.0,1.0,1.0,3.0,3.5,3.0,1.5,6.0,1.0,1.0,2.0,,,,,,,,,,,,,,,,,,,,,,,,
2019-03-10,0.3,2.0,0.5,1.5,1.0,1.0,0.8,1.0,1.0,0.5,1.5,1.0,0.7,1.5,1.0,0.5,0.8,1.5,3.0,2.0,0.5,1.0,5.0,1.0,0.5,1.5,1.0,0.5,15.0,0.5,1.5,1.0,1.5,0.5,1.5,1.5,1.5,1.0,1.0,0.5,1.5,2.0,2.0,3.5,1.5,0.5,0.5,2.0,1.0,1.5,0.5,0.5,0.5,1.5,7.0,0.3,1.5,5.0,0.5,5.0,1.5,1.5,1.0,1.5,4.0,8.0,5.5,2.0,4.0,1.0,2.0,5.0,1.0,3.0,0.3,3.0,2.0,1.5,2.5,6.0,0.5,0.0,,,,,,,,,,,
2019-04-11,0.5,1.0,1.0,1.0,0.5,0.8,1.0,1.5,2.0,0.5,1.0,1.5,0.7,0.5,1.5,1.0,0.5,15.0,0.7,1.5,0.7,1.0,0.6,1.5,1.0,1.0,0.5,1.0,1.5,1.0,3.0,0.5,0.5,1.5,0.5,2.5,0.5,0.5,1.0,7.0,0.3,1.5,0.5,10.0,1.5,1.0,1.0,1.5,4.0,7.5,4.0,2.0,1.5,4.0,1.0,2.0,5.0,1.0,3.0,0.3,1.5,6.0,0.7,0.0,,,,,,,,,,,,,,,,,,,,,,,,,,,,,
2019-05-08,0.3,3.0,1.5,0.5,5.0,1.0,0.5,1.0,1.0,0.8,0.5,2.0,1.0,1.5,0.5,0.7,3.5,1.0,0.5,0.8,1.0,2.0,2.0,0.5,1.0,2.0,1.0,0.5,0.5,0.5,1.0,10.0,0.8,1.0,2.5,0.5,1.5,1.0,3.0,0.5,0.3,1.0,1.5,1.0,2.0,2.5,0.5,0.5,1.5,0.5,1.5,1.0,1.0,0.5,0.7,5.0,0.3,1.5,4.0,0.5,4.0,3.0,1.5,10.0,8.0,4.5,2.0,4.0,7.0,1.0,5.0,0.3,2.0,3.5,1.5,2.0,5.0,3.0,1.0,0.5,0.0,,,,,,,,,,,,
2019-05-09,0.3,1.5,0.5,0.5,0.7,1.0,0.8,0.5,2.0,0.5,1.0,0.5,0.7,1.5,1.0,0.5,0.8,0.5,2.0,2.0,0.5,1.0,4.0,1.0,0.5,0.5,0.5,0.5,15.0,0.5,1.5,1.0,2.0,0.5,1.5,1.5,1.5,0.5,0.5,0.5,1.5,0.5,3.5,1.5,0.5,0.5,1.0,0.7,1.0,0.5,0.5,0.5,0.7,5.0,0.3,1.5,4.0,0.5,5.0,0.5,1.0,1.5,7.0,8.0,5.5,2.0,4.0,5.0,1.0,3.0,0.3,3.0,3.0,1.5,1.5,5.0,0.5,,,,,,,,,,,,,,,,
2019-05-12,0.5,1.0,3.0,1.0,0.7,1.0,2.0,1.5,3.5,0.5,1.0,1.0,0.7,0.5,1.5,1.5,0.8,15.0,0.7,2.0,0.7,1.0,0.7,1.5,1.0,0.6,0.5,2.0,2.0,1.5,2.5,3.5,0.5,0.5,3.0,1.2,2.5,1.0,0.5,1.0,7.0,0.3,0.5,8.0,3.0,2.0,0.7,2.0,0.7,3.0,7.5,4.0,2.0,1.5,4.0,0.5,2.0,5.0,1.5,2.0,1.0,3.0,3.5,4.5,1.5,6.0,2.0,2.5,2.0,,,,,,,,,,,,,,,,,,,,,,,,
2019-07-10,0.3,2.0,0.5,1.5,1.0,1.0,0.8,1.0,1.0,0.5,1.5,1.0,0.7,1.5,1.0,0.5,0.8,1.5,3.0,2.0,0.5,1.0,5.0,1.0,0.5,1.5,1.0,0.5,15.0,0.5,1.0,1.5,0.5,1.5,1.5,1.5,1.0,1.0,0.5,1.5,2.0,2.0,3.5,1.5,0.5,0.5,3.5,0.5,2.5,0.5,0.5,0.5,1.0,7.0,0.3,1.5,5.0,0.5,6.0,1.5,1.5,1.0,1.5,4.0,8.0,5.5,2.0,1.5,4.0,1.0,2.0,5.0,1.0,3.0,0.3,3.0,1.5,2.5,6.0,0.7,0.0,,,,,,,,,,,,
2019-07-11,0.5,1.0,1.0,1.0,0.5,0.8,1.0,1.5,2.0,0.5,1.0,1.5,0.7,0.5,1.0,1.0,0.5,15.0,0.7,1.5,0.7,1.0,0.6,1.5,1.0,1.0,0.5,1.0,1.5,1.0,3.0,2.0,0.5,0.5,1.5,0.5,2.5,0.7,0.5,1.0,7.0,0.3,1.5,0.5,10.0,1.5,1.0,1.0,1.0,4.0,7.5,4.0,2.0,1.5,4.0,1.0,2.0,5.0,1.0,3.0,1.5,6.0,0.7,0.0,,,,,,,,,,,,,,,,,,,,,,,,,,,,,
2019-07-29,0.3,3.0,1.5,0.5,2.5,1.5,0.5,1.0,1.0,0.8,0.5,,,,,,,,,,,,,,,,,,,,,,,,,,,,,,,,,,,,,,,,,,,,,,,,,,,,,,,,,,,,,,,,,,,,,,,,,,,,,,,,,,
2019-08-08,0.3,4.0,1.0,0.5,1.0,0.5,1.0,1.0,0.8,0.5,1.0,1.0,1.5,0.5,0.5,3.0,1.0,0.5,0.8,1.0,2.0,2.0,0.5,1.0,2.0,1.0,0.5,0.5,0.5,1.0,10.0,0.5,1.0,1.0,0.5,1.5,1.0,3.0,0.5,0.3,1.0,1.5,1.0,2.0,2.5,0.5,0.5,1.0,0.5,1.5,1.0,0.8,0.5,0.7,5.0,0.3,1.5,4.0,0.5,4.0,3.0,1.5,8.0,8.0,4.5,2.0,4.0,6.0,1.0,5.0,0.3,2.0,3.5,1.5,1.3,5.0,0.5,0.0,,,,,,,,,,,,,,,
2019-08-15,0.3,4.0,1.0,0.5,1.0,0.5,1.0,1.0,0.8,0.5,1.0,1.0,1.5,0.5,0.7,3.0,1.0,0.5,0.8,1.0,2.0,2.0,0.5,1.0,2.0,1.0,0.5,0.5,0.5,1.0,10.0,0.5,1.0,1.0,0.5,1.5,1.0,3.0,0.5,0.5,1.0,1.5,1.0,2.0,2.5,0.5,0.5,1.0,0.5,1.5,1.0,0.8,0.5,0.7,5.0,0.3,1.5,4.0,0.5,4.0,3.0,1.5,8.0,8.0,4.5,2.0,4.0,6.0,1.0,5.0,0.3,2.0,3.5,1.5,1.5,5.0,0.5,0.0,,,,,,,,,,,,,,,
2019-08-19,0.3,4.0,1.0,0.5,0.5,0.5,1.0,0.8,0.5,1.0,0.5,1.0,0.5,0.7,1.5,1.0,0.5,0.8,0.5,2.0,2.0,0.5,1.0,2.0,1.0,0.5,0.5,0.5,0.5,10.0,0.5,1.5,1.0,1.0,0.5,1.5,1.0,1.5,0.5,0.5,0.5,1.5,0.5,2.0,2.5,0.5,0.5,1.0,0.5,1.0,0.5,0.6,0.5,0.7,5.0,0.3,1.5,4.0,0.5,4.0,1.5,1.0,3.0,1.5,8.0,8.0,5.5,2.0,4.0,6.0,1.0,5.0,0.3,3.0,5.0,1.5,1.5,5.0,0.5,0.0,,,,,,,,,,,,,
2019-08-22,0.3,4.0,1.0,0.5,0.5,1.0,1.0,1.0,0.8,0.5,1.0,0.5,1.0,0.5,0.7,1.5,1.0,0.5,0.8,0.5,2.0,2.0,0.5,1.0,4.0,1.0,0.5,1.0,1.0,0.5,10.0,0.5,1.5,1.0,1.0,0.5,1.5,1.0,1.5,0.5,0.5,0.5,1.5,0.5,2.0,2.5,0.5,0.5,1.0,0.5,1.0,0.5,0.6,0.5,0.7,5.0,0.3,1.5,2.0,0.5,4.0,1.5,1.0,3.0,1.5,8.0,8.0,5.5,2.0,4.0,6.0,1.0,5.0,0.3,3.0,5.0,1.5,1.5,5.0,0.5,0.0,,,,,,,,,,,,
2019-08-26,0.3,4.0,1.0,0.5,0.5,1.0,1.0,1.0,0.8,0.5,1.5,0.5,1.0,0.5,0.7,1.5,1.0,0.5,0.8,0.5,2.0,2.0,0.5,1.0,4.0,1.0,0.5,1.0,1.0,0.5,10.0,0.5,2.0,1.0,2.0,0.5,1.5,1.5,1.5,0.5,0.5,0.5,1.5,0.5,3.5,1.5,0.5,0.5,1.0,0.5,1.0,0.5,0.6,0.5,0.7,5.0,0.3,1.5,2.0,0.5,5.0,1.5,3.0,1.5,10.0,8.0,5.5,2.0,4.0,5.0,1.0,5.0,0.3,3.0,5.0,1.5,1.5,5.0,0.5,0.0,,,,,,,,,,,,,
2019-08-29,0.3,1.0,0.5,0.5,1.0,1.0,0.5,1.5,0.5,1.0,0.5,0.5,1.5,1.0,0.5,0.8,0.5,2.0,2.0,0.5,1.0,4.0,1.0,0.5,1.0,1.0,0.5,10.0,0.5,2.0,1.0,2.0,0.5,1.5,1.5,1.5,0.5,0.5,0.5,1.5,0.5,3.5,1.5,0.5,0.5,1.0,0.5,1.0,0.5,0.6,0.5,0.7,5.0,0.3,1.5,2.0,0.5,5.0,1.0,1.5,10.0,8.0,5.5,2.0,4.0,5.0,1.0,5.0,0.3,3.0,5.0,1.5,1.5,5.0,0.5,0.0,,,,,,,,,,,,,,,,,
2019-09-09,0.3,0.5,0.5,0.7,1.0,0.8,0.5,2.0,0.5,1.0,0.5,0.7,1.5,1.0,0.5,0.8,0.5,2.0,2.0,0.5,1.0,4.0,1.0,0.5,0.5,0.5,0.5,15.0,0.5,1.5,1.0,2.0,0.5,1.5,1.5,1.5,0.5,0.5,0.5,1.5,0.5,3.5,1.5,0.5,0.5,1.0,0.7,1.0,0.5,0.5,0.5,0.7,5.0,0.3,1.5,4.0,0.5,5.0,1.5,1.0,1.5,7.0,8.0,5.5,2.0,4.0,5.0,1.0,3.0,0.3,3.0,3.0,1.5,1.5,5.0,0.5,0.0,,,,,,,,,,,,,,,,
2019-09-12,0.5,1.0,3.0,1.0,0.7,1.0,2.0,1.5,3.5,0.5,0.8,1.0,0.7,0.5,1.5,1.5,0.5,15.0,0.7,2.0,0.7,1.0,0.7,2.0,1.0,0.6,0.5,2.5,2.0,2.0,1.5,3.5,0.5,0.5,3.0,1.2,2.5,1.0,0.5,1.0,7.0,0.3,0.5,8.0,3.0,2.0,0.7,2.0,0.7,3.0,7.5,4.0,2.0,1.5,4.0,0.5,2.0,5.0,1.5,2.0,1.0,3.0,3.5,4.5,1.5,6.0,2.0,2.5,2.0,,,,,,,,,,,,,,,,,,,,,,,,
2019-09-16,0.3,1.5,0.5,0.5,0.7,1.0,0.8,0.5,2.0,0.5,1.0,0.5,0.7,1.5,1.0,0.5,0.8,0.5,2.0,2.0,0.5,1.0,4.0,1.0,0.5,0.5,0.5,0.5,15.0,0.5,1.5,1.0,2.0,0.5,1.5,1.5,1.5,0.5,0.5,0.5,1.5,0.5,3.5,1.5,0.5,0.5,1.0,0.7,1.0,0.5,0.5,0.5,1.0,5.0,0.3,1.5,4.0,0.5,5.0,1.5,1.0,1.5,7.0,8.0,5.5,2.0,4.0,5.0,1.0,3.0,0.3,3.0,3.0,1.5,1.5,5.0,0.5,0.0,,,,,,,,,,,,,,,
2019-09-19,0.3,1.5,0.5,0.5,0.7,1.0,0.8,0.5,2.0,0.5,1.0,0.5,0.7,1.5,1.0,0.5,0.8,0.5,2.0,2.0,0.5,1.0,4.0,1.0,0.5,0.5,0.5,0.5,15.0,0.5,1.5,1.0,2.0,0.5,1.5,1.5,1.5,0.5,0.5,0.5,1.5,0.5,3.5,1.5,0.5,0.5,1.0,0.7,1.0,0.5,0.5,0.5,1.0,5.0,0.3,1.5,4.0,0.5,5.0,1.5,1.0,1.5,7.0,8.0,5.5,2.0,4.0,5.0,1.0,3.0,0.3,3.0,3.0,1.5,1.5,5.0,0.5,0.0,,,,,,,,,,,,,,,
2019-09-23,0.3,2.0,0.5,1.5,1.0,1.0,0.8,1.0,0.5,1.5,1.0,0.7,1.5,1.0,0.8,2.0,2.0,0.5,1.0,1.0,0.5,1.5,1.5,1.0,0.5,0.5,1.5,1.0,1.5,0.5,1.5,1.5,1.5,1.0,0.5,1.0,1.5,1.0,3.5,1.5,0.5,0.5,2.0,1.0,1.5,0.5,0.5,0.5,1.5,7.0,0.3,1.0,5.0,0.5,5.0,1.5,1.0,1.5,4.0,8.0,5.5,2.0,4.0,5.0,1.0,3.0,0.0,3.0,3.0,1.5,2.5,0.5,0.0,,,,,,,,,,,,,,,,,,,,
2019-09-26,0.3,2.0,0.5,5.0,1.0,1.0,1.0,0.8,1.5,1.5,1.0,1.0,1.5,0.5,1.5,1.0,0.5,0.8,1.5,3.0,2.0,0.5,1.0,5.0,1.0,0.5,0.0,1.5,1.0,0.5,15.0,0.5,1.5,1.0,1.5,1.5,0.5,1.5,1.5,1.5,1.5,0.5,1.0,2.0,1.5,3.5,1.5,0.5,0.5,2.0,1.0,1.5,0.5,0.5,0.5,1.5,7.0,0.3,1.5,5.0,0.5,1.0,0.0,1.0,1.5,1.0,1.5,4.0,8.0,5.5,1.0,2.0,4.0,5.0,1.0,3.0,0.5,3.0,5.0,2.0,1.5,2.0,1.0,1.5,0.0,0.7,6.0,0.5,0.0,,,,
2019-09-30,0.3,2.0,0.5,1.5,1.0,0.8,1.0,1.0,0.5,1.5,1.0,0.7,1.5,1.0,0.5,0.8,1.5,3.0,2.0,0.5,1.0,5.0,1.0,0.5,1.5,1.0,0.5,15.0,0.5,1.5,1.0,1.5,0.5,1.5,1.5,1.5,1.0,0.5,1.5,2.0,2.0,3.5,1.5,0.5,0.5,2.0,1.0,1.5,0.5,0.5,0.5,1.5,7.0,0.3,1.5,5.0,0.5,5.0,1.5,1.5,1.0,1.5,4.0,8.0,5.5,2.0,4.0,1.0,2.0,5.0,1.0,3.0,0.3,3.0,2.0,1.5,2.5,6.0,0.5,0.0,,,,,,,,,,,,,
2019-10-10,0.3,2.0,0.5,1.5,1.0,0.8,1.0,1.0,0.5,1.5,1.0,0.7,1.5,1.0,0.5,0.8,1.5,3.0,2.0,0.5,1.0,1.5,5.0,0.7,0.5,1.5,1.0,0.5,15.0,0.5,1.0,1.5,0.5,1.5,1.5,1.5,1.0,1.0,0.5,1.5,2.0,2.0,3.5,1.5,0.5,0.5,3.5,0.5,2.5,0.5,0.5,0.5,1.0,7.0,0.3,1.5,5.0,0.5,6.0,1.5,1.5,1.0,1.5,4.0,8.0,5.5,2.0,1.5,4.0,1.0,2.0,5.0,1.0,3.0,0.3,3.0,1.5,2.5,6.0,0.7,0.0,,,,,,,,,,,,
2019-10-14,0.3,2.0,0.5,1.5,1.0,0.8,1.0,1.0,0.5,1.5,1.0,1.0,1.0,0.5,0.8,1.0,3.0,2.0,1.5,0.5,1.0,1.5,5.0,0.7,0.5,1.5,1.0,0.5,15.0,0.5,1.0,1.5,0.5,1.5,1.0,1.5,1.0,1.0,0.5,1.0,1.5,1.0,3.5,1.5,0.5,0.5,0.5,2.5,0.5,0.5,0.5,1.0,7.0,0.3,1.5,5.0,0.5,6.0,1.5,1.5,1.0,1.5,4.0,8.0,5.5,2.0,1.5,4.0,1.0,2.0,5.0,1.0,3.0,0.3,3.0,1.5,2.5,6.0,0.7,0.0,,,,,,,,,,,,,
2019-10-17,0.3,2.0,0.5,1.5,1.0,1.0,0.8,1.0,1.0,0.5,1.5,1.0,1.0,1.0,0.5,0.8,1.0,3.0,2.0,0.5,1.0,1.5,5.0,0.7,0.5,1.5,1.0,0.5,15.0,0.5,1.0,1.5,0.5,1.5,1.0,1.5,1.0,1.0,0.5,1.0,1.5,1.0,3.5,1.5,0.5,0.5,1.5,0.5,2.5,0.5,0.5,1.0,7.0,0.3,1.5,5.0,0.5,6.0,1.5,1.0,1.5,4.0,8.0,5.5,2.0,1.5,4.0,1.0,2.0,5.0,1.0,3.0,0.3,3.0,1.5,2.5,6.0,0.7,0.0,,,,,,,,,,,,,,
2019-10-21,0.3,2.0,0.5,1.5,1.0,1.0,0.8,1.0,1.0,0.5,1.5,1.0,1.0,1.0,0.5,0.8,1.0,3.0,2.0,0.5,1.0,1.5,5.0,0.7,0.5,1.5,1.0,0.5,15.0,0.5,1.0,1.5,0.5,1.5,1.0,1.5,1.0,1.0,0.5,1.0,1.5,1.0,3.5,1.5,0.5,0.5,1.5,0.5,2.5,0.5,0.5,1.0,7.0,0.3,1.5,5.0,0.5,6.0,1.5,1.5,1.0,1.5,4.0,8.0,4.0,1.5,4.0,1.0,2.0,5.0,1.0,3.0,0.3,3.0,1.5,2.5,6.0,0.7,0.0,,,,,,,,,,,,,,
2019-10-24,0.3,2.0,0.5,1.0,1.0,1.0,0.8,1.0,1.5,0.5,1.0,1.0,1.0,1.0,0.5,0.8,1.0,3.0,2.0,0.5,1.0,1.5,5.0,0.7,0.5,1.5,1.0,0.5,15.0,0.7,1.0,1.5,0.7,1.0,1.0,2.5,1.0,1.0,0.5,5.0,1.0,1.5,1.0,3.0,2.0,0.5,0.5,1.5,0.5,2.5,0.5,0.5,1.0,7.0,0.3,1.5,0.5,6.0,13.0,1.5,1.5,1.0,1.5,4.0,8.0,4.0,1.5,4.0,1.0,2.0,5.0,2.0,1.0,3.0,0.3,1.5,6.0,0.7,0.0,,,,,,,,,,,,,,
2019-10-28,0.3,2.0,0.5,1.0,1.0,1.0,0.8,1.0,1.5,0.5,1.0,1.0,1.0,1.0,0.5,0.8,1.0,3.0,2.0,0.5,1.0,1.5,5.0,0.7,0.5,1.5,1.0,0.5,15.0,0.7,1.0,1.5,0.7,1.0,1.0,2.5,1.0,1.0,0.5,1.0,1.5,1.0,3.0,2.0,0.5,0.5,1.5,0.5,2.5,0.5,0.5,1.0,7.0,0.3,1.5,5.0,0.5,6.0,13.0,1.5,1.5,1.0,1.5,4.0,8.0,4.0,2.0,1.5,4.0,1.0,2.0,5.0,1.0,3.0,0.3,1.5,6.0,0.7,0.0,,,,,,,,,,,,,,
2019-10-31,0.3,2.0,0.5,1.0,1.0,1.0,0.8,1.0,1.5,0.5,1.0,1.0,1.0,1.0,0.5,0.8,1.0,3.0,2.0,0.5,1.0,1.5,5.0,0.7,0.5,1.5,1.0,0.5,15.0,0.7,1.5,0.7,1.0,1.0,2.5,1.0,1.0,0.5,1.0,1.5,1.0,3.0,2.0,0.5,0.5,1.5,0.5,2.5,0.5,0.5,1.0,7.0,0.3,1.5,5.0,0.5,6.0,13.0,1.5,1.0,1.0,1.5,4.0,8.0,4.0,2.0,1.5,4.0,1.0,2.0,5.0,1.0,3.0,0.3,1.5,6.0,0.7,0.0,,,,,,,,,,,,,,,
2019-11-11,0.5,1.0,1.0,1.0,0.5,0.8,1.0,1.5,2.0,0.5,1.0,1.5,0.7,0.5,1.0,1.0,0.5,15.0,0.7,1.5,0.7,1.0,0.6,1.5,1.0,1.0,0.5,1.0,2.0,1.0,2.0,2.0,0.5,0.5,1.5,0.5,2.5,1.0,0.5,1.0,7.0,0.3,0.5,10.0,1.5,1.0,1.0,1.0,4.0,7.5,4.0,2.0,1.5,4.0,0.7,2.0,5.0,1.0,3.0,3.5,1.5,6.0,1.0,0.0,,,,,,,,,,,,,,,,,,,,,,,,,,,,,
2019-11-14,0.5,1.0,1.0,1.0,0.5,0.8,1.0,1.5,2.0,0.5,1.0,1.0,0.7,0.5,1.0,1.0,0.5,15.0,0.7,1.5,0.7,1.0,0.6,1.5,1.0,1.0,0.5,1.0,2.0,1.0,1.5,0.5,0.5,1.5,0.5,2.5,1.0,0.5,1.0,7.0,0.3,0.5,10.0,1.5,1.0,1.0,1.0,3.0,7.5,4.0,2.0,1.5,4.0,0.5,2.0,5.0,1.0,3.0,3.5,1.5,2.0,6.0,1.0,2.0,,,,,,,,,,,,,,,,,,,,,,,,,,,,,
2019-11-18,0.5,1.0,2.0,1.0,0.5,0.8,1.5,1.5,2.5,0.5,1.0,1.5,0.7,0.5,1.0,1.0,0.5,15.0,0.7,2.0,0.7,1.0,0.7,1.5,1.0,1.0,0.5,1.5,2.0,1.0,1.5,2.0,0.5,0.5,3.0,0.7,2.5,1.0,0.5,1.0,7.0,0.3,0.5,8.0,1.5,1.0,1.0,1.0,3.0,7.5,4.0,2.0,1.5,4.0,0.5,2.0,5.0,1.0,3.0,3.5,3.0,6.0,1.0,2.0,,,,,,,,,,,,,,,,,,,,,,,,,,,,,
2019-11-21,0.5,1.0,2.0,1.0,0.5,0.8,1.5,1.5,2.5,0.5,1.0,1.0,0.7,0.5,1.5,1.0,0.5,15.0,0.7,2.0,0.7,1.0,0.7,1.5,1.0,1.0,0.5,1.5,2.0,1.0,1.5,2.0,0.5,0.5,3.0,0.7,2.5,1.0,0.5,1.0,7.0,0.3,0.5,8.0,1.5,1.0,1.0,0.7,3.0,7.5,4.0,2.0,1.5,4.0,0.5,2.0,5.0,1.0,3.0,3.5,3.0,1.5,6.0,1.0,2.0,,,,,,,,,,,,,,,,,,,,,,,,,,,,
2019-11-25,0.5,1.0,2.0,1.0,0.5,0.8,1.5,1.5,2.5,0.5,1.0,1.0,0.7,0.5,1.5,1.0,0.5,15.0,0.7,2.0,0.7,1.0,0.7,1.5,1.0,1.0,0.5,1.5,2.0,1.0,1.5,2.0,0.5,0.5,3.0,0.7,2.5,1.0,0.5,1.0,7.0,0.3,0.5,8.0,1.5,1.0,1.0,0.7,3.0,7.5,4.0,2.0,1.5,4.0,0.5,2.0,5.0,1.0,3.0,3.5,3.0,1.5,6.0,1.0,2.0,,,,,,,,,,,,,,,,,,,,,,,,,,,,
2019-11-28,0.5,1.0,2.0,1.0,0.5,0.8,1.5,1.5,2.5,0.5,1.0,1.0,0.7,0.5,1.5,1.0,0.5,15.0,0.7,2.0,0.7,1.0,0.7,1.5,1.0,0.6,0.5,1.5,2.0,1.0,1.5,2.0,0.5,0.5,3.0,0.7,2.5,1.0,0.5,1.0,7.0,0.3,0.5,8.0,1.5,1.0,0.7,2.0,0.7,3.0,7.5,4.0,2.0,1.5,4.0,0.5,2.0,7.0,1.0,1.0,0.7,3.0,3.5,3.0,1.5,6.0,1.0,1.0,2.0,,,,,,,,,,,,,,,,,,,,,,,,
2019-12-09,0.3,1.5,0.5,0.5,0.7,1.0,0.8,0.5,2.0,0.5,1.0,0.5,0.7,1.5,1.0,0.5,0.8,0.5,2.0,2.0,0.5,1.0,4.0,1.0,0.5,0.5,0.5,0.5,15.0,0.5,1.5,1.0,2.0,0.5,1.5,1.5,1.5,0.5,0.5,0.5,1.5,0.5,3.5,1.5,0.5,0.5,1.0,0.7,1.0,0.5,0.5,0.5,0.7,5.0,0.3,1.5,4.0,0.5,5.0,1.5,1.0,1.5,7.0,8.0,5.5,2.0,4.0,5.0,1.0,3.0,0.3,3.0,3.0,1.5,1.5,5.0,0.5,0.0,,,,,,,,,,,,,,,
2019-12-12,0.5,1.0,3.0,1.0,0.7,1.0,2.5,1.5,3.5,0.5,0.8,1.2,0.7,0.5,1.5,1.0,0.7,15.0,0.7,2.0,0.7,1.0,1.0,2.0,1.5,0.6,0.5,2.0,2.5,1.5,2.5,3.5,0.5,0.5,3.0,1.2,2.5,1.0,0.5,1.0,7.0,0.3,0.5,8.0,3.0,2.0,0.7,2.0,0.7,3.0,7.5,4.0,2.0,1.5,4.0,0.5,2.0,5.0,1.5,2.0,1.0,3.0,3.5,4.5,1.5,6.0,2.0,2.5,2.0,,,,,,,,,,,,,,,,,,,,,,,,
2019-12-16,0.5,2.0,3.0,1.0,0.7,1.0,2.5,2.0,4.0,0.5,0.8,1.2,0.7,0.5,1.5,1.5,0.7,15.0,0.7,2.0,0.7,1.0,2.0,2.0,2.0,0.6,0.5,2.5,3.0,1.5,4.0,3.5,0.5,0.5,3.5,1.7,2.5,2.0,0.5,1.5,7.0,0.3,0.5,8.0,4.0,2.0,0.7,2.0,0.7,3.0,7.5,4.0,2.0,1.5,4.0,0.5,2.0,5.0,1.5,2.0,1.0,3.0,3.5,4.5,1.5,6.0,2.0,2.5,2.0,,,,,,,,,,,,,,,,,,,,,,,,
2019-12-19,0.4,2.0,3.0,1.0,1.0,1.0,2.5,2.0,4.0,0.5,0.8,1.2,0.7,0.5,1.5,1.5,1.0,15.0,0.7,4.0,0.7,1.0,1.5,2.0,2.0,0.6,0.5,2.5,3.0,1.5,4.0,3.5,0.5,0.5,3.5,1.7,2.5,2.0,0.5,1.5,7.0,0.3,0.5,8.0,4.0,2.0,0.7,2.0,0.7,3.0,7.5,4.0,2.0,1.5,4.0,0.5,2.0,5.0,1.5,2.0,1.0,3.0,3.5,4.5,1.5,6.0,2.0,2.5,2.0,,,,,,,,,,,,,,,,,,,,,,,,
2019-12-23,0.4,1.0,3.0,1.0,1.0,1.0,2.5,2.0,4.0,0.5,0.8,1.2,0.5,0.5,2.5,2.5,1.0,15.0,0.7,5.0,0.7,1.0,1.0,2.0,2.0,0.6,0.5,2.5,3.0,1.5,5.0,3.5,0.5,0.5,3.5,1.7,2.5,2.0,0.5,1.5,7.0,0.3,0.5,8.0,4.0,2.0,0.7,2.0,0.7,3.0,7.5,4.0,2.0,1.5,4.0,0.5,2.0,5.0,1.5,2.0,1.0,3.0,3.5,4.5,1.5,6.0,3.0,2.0,2.5,2.0,,,,,,,,,,,,,,,,,,,,,,,
2019-12-26,0.4,1.0,3.0,1.0,1.0,1.0,2.5,2.0,4.0,0.5,0.8,1.2,0.5,0.5,2.5,2.0,1.0,15.0,0.7,5.0,0.7,1.0,1.0,2.0,2.0,0.6,0.5,2.5,3.0,1.5,5.0,3.5,0.5,0.5,3.5,1.7,3.0,2.0,0.5,1.5,7.0,0.3,0.5,8.0,4.0,2.0,1.0,2.0,2.0,1.0,3.0,7.5,4.0,2.0,1.5,4.0,0.5,2.0,5.0,1.5,2.0,1.0,3.0,3.5,4.5,1.5,6.0,3.0,2.0,2.5,2.0,,,,,,,,,,,,,,,,,,,,,,
2019-12-30,0.5,1.0,4.0,1.2,1.2,1.2,2.5,2.0,4.0,0.5,0.8,1.2,0.5,0.5,2.0,2.0,1.0,15.0,0.7,5.0,0.7,1.0,1.0,2.0,2.0,0.6,0.5,2.5,3.0,1.5,5.0,3.5,0.5,0.5,4.5,2.0,4.0,2.0,0.5,2.5,7.0,0.5,0.5,8.0,4.0,2.0,1.5,2.0,2.0,1.0,3.0,7.5,4.5,2.0,1.5,4.0,0.5,2.0,5.0,1.5,2.0,1.0,3.0,3.5,4.5,1.5,6.0,3.0,2.0,2.5,2.0,,,,,,,,,,,,,,,,,,,,,,
2020-01-06,2.0,0.5,0.5,2.0,1.5,2.0,1.0,1.0,1.0,1.0,1.0,1.0,1.5,1.5,2.0,1.5,0.5,1.0,1.0,5.0,2.3,0.5,1.5,1.0,0.8,10.0,5.0,0.7,2.0,1.0,2.0,2.0,1.0,3.0,0.5,1.5,4.0,1.0,1.5,1.0,5.0,0.5,1.0,3.0,1.0,1.0,1.0,0.5,1.0,7.0,0.5,5.0,0.5,5.0,2.5,3.0,8.0,9.0,7.0,3.0,3.0,5.0,1.0,3.0,2.0,5.0,0.8,5.0,6.0,2.0,6.0,7.0,3.0,2.0,4.0,,,,,,,,,,,,,,,,,,
2020-01-10,2.5,1.0,0.7,1.0,0.5,3.0,0.5,1.5,0.5,1.0,1.0,3.0,0.5,2.0,1.5,0.5,3.0,1.5,1.0,1.5,1.5,2.0,2.5,0.5,0.8,1.0,4.0,1.0,0.5,1.5,0.5,2.0,1.0,15.0,0.7,0.8,2.0,1.0,3.0,0.7,2.0,1.0,2.0,1.0,0.5,1.5,2.0,1.0,2.0,1.5,0.5,0.8,2.5,1.0,1.5,0.7,0.5,0.5,1.5,7.0,0.5,2.0,6.0,0.5,8.0,3.0,3.0,2.0,25.0,5.0,5.0,9.0,6.0,2.0,2.0,6.0,5.0,2.0,5.0,0.5,6.0,4.5,2.0,4.0,6.0,1.5,3.0,,,,,,
2020-01-13,0.7,2.0,4.0,1.2,1.2,1.5,4.0,2.0,4.0,0.5,0.8,1.2,0.5,0.5,3.5,2.5,1.0,15.0,0.7,5.0,0.7,1.0,1.0,2.0,3.5,0.7,0.5,2.5,4.0,2.5,5.0,4.5,0.7,0.7,7.0,4.0,4.0,2.5,0.7,4.0,7.0,0.5,0.5,8.0,4.0,2.0,1.5,2.0,2.0,1.0,3.0,7.5,4.5,4.0,1.5,4.0,0.5,2.0,5.0,1.5,2.0,1.0,3.5,3.5,4.5,1.5,6.0,3.0,2.0,2.5,2.0,,,,,,,,,,,,,,,,,,,,,,
2020-01-16,0.7,3.5,4.0,2.0,1.2,1.5,4.0,2.5,4.0,0.5,0.8,1.2,0.5,0.5,4.5,3.5,1.0,15.0,0.7,5.0,0.7,1.0,1.0,2.0,4.0,0.7,2.5,4.0,2.5,5.0,4.5,0.7,0.7,7.0,5.0,4.0,2.5,0.7,5.0,7.0,0.5,0.5,8.0,4.0,2.0,1.5,2.0,3.5,1.0,3.0,7.5,4.5,4.0,2.0,4.0,0.5,2.0,5.0,1.5,2.0,1.0,3.5,3.5,4.5,1.5,6.0,3.0,2.0,3.0,2.0,,,,,,,,,,,,,,,,,,,,,,,
2020-01-20,0.7,3.5,4.0,2.0,1.2,2.0,4.0,2.5,5.0,0.5,0.8,1.2,0.5,0.5,4.5,3.5,1.0,15.0,0.7,5.0,0.7,1.0,1.0,2.0,4.0,0.7,0.5,3.0,4.0,2.5,5.0,4.5,0.7,0.7,7.0,4.0,4.0,2.5,0.7,5.0,7.0,0.5,0.5,8.0,5.0,2.0,1.5,2.0,4.0,1.0,3.0,7.0,5.0,4.0,2.0,4.0,0.5,2.0,5.0,1.5,2.0,1.0,3.5,3.0,3.5,4.5,1.5,6.0,3.0,2.0,3.0,2.0,,,,,,,,,,,,,,,,,,,,,
2020-01-23,0.7,3.0,4.0,2.0,1.2,2.0,4.0,2.5,5.0,0.5,0.8,1.2,0.5,0.5,4.5,3.5,1.0,15.0,0.7,5.0,0.7,1.5,1.0,2.0,3.5,0.7,0.5,3.0,4.0,2.5,5.0,4.5,0.7,0.7,7.0,3.0,4.0,2.5,0.7,5.0,7.0,0.5,0.5,8.0,5.0,2.0,1.5,2.0,4.0,1.0,3.0,7.5,5.0,4.0,2.0,4.0,0.5,2.0,5.0,1.5,2.0,1.0,3.5,3.0,3.5,4.5,1.5,6.0,3.0,2.0,4.0,2.0,,,,,,,,,,,,,,,,,,,,,
2020-01-27,0.7,3.0,4.0,2.0,1.2,2.0,4.0,2.5,7.0,0.5,0.8,1.2,0.5,0.5,4.5,3.5,1.0,15.0,0.7,5.0,0.7,1.5,1.5,2.0,3.0,0.7,0.5,3.0,4.0,2.5,5.0,4.5,0.7,0.7,7.0,3.0,4.0,2.5,0.7,5.0,7.0,0.5,0.5,8.0,5.0,2.0,1.5,2.0,4.0,1.0,3.0,7.5,5.0,4.0,2.0,4.0,0.5,2.0,5.0,1.5,2.0,1.0,3.5,3.0,3.5,4.5,1.5,6.0,3.0,2.0,4.0,2.0,,,,,,,,,,,,,,,,,,,,,
2020-01-30,0.7,3.5,4.0,2.0,1.5,2.0,4.0,2.5,7.0,0.5,0.8,1.2,0.5,0.5,4.5,3.5,1.0,15.0,0.7,8.0,1.0,2.0,1.5,2.0,3.5,0.7,0.7,3.0,4.0,2.5,5.0,4.5,0.7,0.7,7.0,3.0,4.0,2.5,0.7,5.0,7.0,0.5,0.5,8.0,5.0,2.0,1.5,2.0,4.0,1.0,3.0,7.5,6.0,4.0,2.0,4.0,0.5,2.0,7.0,2.0,2.0,1.0,3.5,3.0,3.5,4.5,1.5,6.0,3.0,2.0,4.0,2.0,,,,,,,,,,,,,,,,,,,,,
2020-02-01,0.5,1.0,4.0,1.2,1.2,1.2,2.5,2.0,4.0,0.5,0.8,1.2,0.5,0.5,2.0,2.0,1.0,15.0,0.7,5.0,0.7,1.0,1.0,2.0,2.0,0.6,0.5,2.0,3.0,1.5,5.0,3.5,0.5,0.5,4.5,2.0,4.0,2.0,0.5,2.5,7.0,0.5,0.5,8.0,4.0,2.0,1.5,2.0,2.0,1.0,3.0,7.5,4.5,2.0,1.5,4.0,0.5,2.0,5.0,1.5,2.0,1.0,3.0,3.5,4.5,1.5,6.0,3.0,2.0,2.5,2.0,,,,,,,,,,,,,,,,,,,,,,
2020-02-03,0.7,4.0,5.0,3.0,1.5,2.0,7.0,2.5,5.0,0.5,1.0,1.2,0.5,0.5,4.5,3.5,1.0,15.0,0.7,8.0,1.0,1.0,1.0,2.0,3.0,0.7,0.7,5.0,6.0,3.5,8.0,6.0,0.7,0.7,9.0,4.0,3.0,2.0,0.7,5.0,7.0,0.5,0.5,8.0,3.5,3.0,2.5,1.5,4.0,7.5,6.0,5.0,3.5,4.0,0.7,3.0,10.0,2.0,2.0,1.0,5.0,4.0,3.5,6.0,1.5,6.0,2.0,6.0,2.0,,,,,,,,,,,,,,,,,,,,,,,,
2020-02-04,0.7,1.0,2.0,1.5,1.0,1.5,5.0,5.0,1.5,0.5,2.0,1.0,1.0,0.5,10.0,1.5,1.0,1.5,30.0,0.7,4.0,5.0,1.0,1.0,1.0,1.0,1.0,0.7,10.0,0.5,1.5,5.0,5.0,4.0,10.0,4.0,0.5,0.7,9.0,1.0,1.5,0.7,0.5,1.0,7.0,0.5,0.5,3.5,3.0,2.5,1.5,4.0,6.0,7.5,5.0,8.0,5.0,4.5,4.0,0.7,4.0,4.0,10.0,2.5,2.5,1.0,5.0,6.0,6.0,1.5,5.0,6.0,2.5,2.0,,,,,,,,,,,,,,,,,,,
2020-02-07,2.0,0.5,2.0,0.5,3.0,3.0,1.5,4.0,2.0,1.0,3.0,1.0,1.5,3.0,2.0,1.0,0.7,2.0,1.0,1.0,1.5,2.0,3.0,1.5,0.5,1.0,1.0,5.0,1.0,0.5,0.5,0.5,0.8,10.0,5.0,0.7,8.0,4.0,2.0,1.0,2.0,1.5,1.0,2.0,0.5,2.5,3.0,2.0,2.0,2.0,4.0,2.0,0.5,1.0,3.0,0.7,1.0,1.0,0.5,0.7,7.0,0.5,5.0,0.5,8.0,15.0,2.5,1.0,5.0,8.0,6.0,3.0,3.0,6.0,5.0,2.0,5.0,0.5,3.5,2.5,3.0,6.0,2.0,3.0,1.5,4.0,,,,,,,
2020-02-11,0.5,1.5,3.0,1.5,1.0,1.5,3.0,5.0,2.5,0.5,0.8,1.5,1.0,0.5,1.5,1.0,2.0,1.0,15.0,0.7,1.3,3.0,3.0,0.7,2.0,1.0,2.0,1.5,1.0,0.5,3.0,3.0,2.0,3.5,5.0,0.5,0.8,3.0,1.5,5.0,2.5,0.5,2.0,7.0,0.5,2.0,6.0,0.5,8.0,2.5,1.5,2.0,25.0,3.0,5.0,8.5,5.0,3.5,2.0,6.0,1.0,4.0,6.0,2.0,5.0,1.5,7.0,4.0,3.5,3.0,8.0,2.5,3.0,,,,,,,,,,,,,,,,,,,,
2020-02-13,0.7,3.5,4.0,3.0,1.5,2.0,5.0,2.5,7.0,0.5,1.0,1.2,0.5,0.5,4.5,4.5,1.0,15.0,0.7,8.0,1.0,2.0,1.0,2.0,3.5,0.7,0.7,4.0,6.0,3.0,5.0,6.0,0.7,0.7,7.0,4.0,3.0,2.0,0.7,5.0,7.0,0.5,0.5,8.0,2.0,3.0,2.0,4.0,1.5,3.0,7.5,6.0,5.0,2.0,4.0,0.5,2.5,7.0,2.0,2.0,1.0,3.5,4.0,3.5,6.0,1.5,6.0,2.0,6.0,2.0,,,,,,,,,,,,,,,,,,,,,,,
2020-02-17,0.7,4.0,4.0,3.0,1.5,2.0,6.0,2.5,7.0,0.5,1.0,1.2,0.5,0.5,6.0,5.0,1.0,15.0,0.7,8.0,1.0,1.5,1.0,2.0,4.0,0.7,0.7,4.0,6.0,3.5,8.0,6.0,0.7,0.7,7.0,4.0,3.0,2.0,0.7,5.0,7.0,0.5,0.5,8.0,2.0,3.0,2.0,4.0,1.5,3.0,7.5,6.0,5.0,3.0,4.0,0.5,2.5,7.0,2.0,2.0,1.0,4.5,4.0,3.5,6.0,1.5,6.0,2.0,6.0,2.0,,,,,,,,,,,,,,,,,,,,,,,
2020-02-20,0.7,4.0,4.0,3.0,1.5,2.0,6.0,2.5,7.0,0.5,1.0,1.2,0.5,0.5,6.0,5.0,1.0,15.0,0.7,8.0,1.0,1.5,1.0,2.0,4.0,0.7,0.7,4.0,6.0,3.5,8.0,6.0,0.7,0.7,7.0,4.0,3.0,2.0,0.7,5.0,7.0,0.5,0.5,8.0,2.0,3.0,2.0,1.5,3.0,7.5,6.0,5.0,3.0,4.0,0.7,2.5,10.0,2.0,2.0,1.0,5.0,4.0,3.5,6.0,1.5,6.0,2.0,6.0,2.0,,,,,,,,,,,,,,,,,,,,,,,,
2020-02-24,0.7,4.0,4.0,3.0,1.5,2.0,6.0,2.5,7.0,0.5,1.0,1.2,0.5,0.5,6.0,5.0,1.0,15.0,0.7,8.0,1.0,1.5,1.0,2.0,4.0,0.7,0.5,4.0,6.0,3.5,8.0,6.0,0.7,0.7,7.0,5.0,3.0,2.0,0.7,5.0,7.0,0.5,0.5,8.0,3.5,3.0,2.5,1.5,3.0,7.5,6.0,5.0,3.5,4.0,0.7,2.5,10.0,2.0,2.0,1.0,5.0,4.0,3.5,6.0,1.5,6.0,6.0,2.0,,,,,,,,,,,,,,,,,,,,,,,,,
2020-02-27,0.7,4.0,5.0,3.0,1.5,2.0,7.0,2.5,7.0,0.5,1.0,1.2,0.5,0.5,5.0,4.0,1.0,15.0,0.7,8.0,1.0,1.5,1.0,2.0,3.0,0.7,0.7,5.0,6.0,3.5,8.0,6.0,0.7,0.7,9.0,5.0,3.0,2.0,0.7,5.0,7.0,0.5,0.5,8.0,3.5,3.0,2.5,1.5,4.0,7.5,6.0,5.0,3.5,4.0,0.7,3.0,10.0,2.0,2.0,1.0,5.0,4.0,3.5,6.0,1.5,6.0,2.0,6.0,2.0,,,,,,,,,,,,,,,,,,,,,,,,
2020-03-02,0.7,3.5,4.0,2.0,1.5,2.0,4.0,2.5,7.0,0.5,0.8,1.2,0.5,0.5,4.5,3.5,1.0,15.0,0.7,8.0,1.0,2.0,1.5,2.0,3.5,0.7,0.7,3.0,4.0,2.5,5.0,4.5,0.7,0.7,7.0,3.0,4.0,2.5,0.7,5.0,7.0,0.5,0.5,8.0,5.0,2.0,1.5,2.0,4.0,1.0,3.0,7.5,6.0,4.0,2.0,4.0,0.5,2.0,7.0,2.0,2.0,1.0,3.5,3.0,3.5,4.5,1.5,6.0,3.0,2.0,4.0,2.0,,,,,,,,,,,,,,,,,,,,,
2020-03-09,2.5,1.0,0.7,1.0,0.5,1.5,0.5,1.5,1.0,2.0,1.0,1.0,2.0,0.8,2.0,1.0,0.5,2.0,1.0,1.0,1.5,1.0,3.0,2.5,0.5,0.5,1.0,5.0,1.0,0.5,1.5,1.0,2.0,0.8,15.0,0.7,1.0,2.0,1.0,2.0,0.7,2.0,2.0,1.0,1.0,0.5,1.5,2.0,1.0,3.0,1.0,0.5,1.0,1.5,2.0,1.5,0.8,0.7,0.5,2.0,7.0,0.5,2.0,6.0,0.5,6.0,3.0,2.0,20.0,5.0,10.0,10.0,6.0,2.0,4.0,6.0,5.0,2.0,5.0,0.5,4.0,6.0,2.0,2.5,6.0,1.0,4.0,,,,,,
2020-03-12,0.7,3.5,5.0,1.5,1.5,2.5,4.5,4.0,4.0,0.5,1.0,2.0,1.0,0.5,2.0,1.5,2.0,1.0,15.0,0.7,1.5,3.0,4.0,0.7,2.0,4.0,2.0,3.5,1.0,0.5,4.0,3.0,2.5,3.0,6.0,0.5,1.0,4.0,2.0,4.0,2.5,0.5,2.0,7.0,0.5,0.5,15.0,4.5,2.5,1.5,2.7,35.0,2.0,7.0,8.0,5.0,15.0,5.0,2.0,6.0,1.0,4.0,13.0,2.0,5.0,2.5,4.0,3.5,3.0,3.5,8.0,3.0,3.0,,,,,,,,,,,,,,,,,,,,
2020-03-16,0.7,3.0,5.0,3.0,1.5,2.0,6.0,2.5,2.0,0.5,1.0,1.0,0.5,0.5,12.0,4.0,3.0,1.0,20.0,0.7,4.0,10.0,1.0,1.0,1.0,2.0,2.0,0.7,10.0,0.7,3.0,6.0,6.0,4.5,10.0,6.0,0.7,0.7,9.0,4.0,2.5,1.5,0.7,4.0,7.0,0.5,0.5,3.5,3.0,2.5,1.5,4.0,7.5,6.0,5.0,3.5,4.0,0.7,3.0,8.0,2.0,2.0,1.0,5.0,3.5,6.0,1.5,6.0,2.0,2.0,,,,,,,,,,,,,,,,,,,,,,,
2020-03-19,0.7,3.0,5.0,2.5,1.5,2.0,7.0,2.5,3.0,0.5,1.5,1.0,0.5,0.5,12.0,4.0,3.0,20.0,0.7,4.0,10.0,1.0,1.0,1.0,2.0,2.0,0.7,10.0,0.7,3.0,7.0,6.0,4.5,10.0,6.0,0.7,0.7,9.0,4.0,2.5,1.5,0.7,4.0,7.0,0.5,0.5,3.5,3.0,2.5,1.5,7.5,6.0,5.0,4.5,4.0,0.7,3.0,4.0,2.0,2.0,1.0,5.0,3.5,6.0,1.5,6.0,2.0,2.0,,,,,,,,,,,,,,,,,,,,,,,,,
2020-03-23,0.7,3.0,2.0,2.5,1.5,2.0,7.0,4.0,3.0,0.5,2.0,1.0,1.0,0.5,12.0,4.0,3.0,1.5,30.0,0.7,4.0,10.0,1.0,1.0,1.5,2.0,2.0,0.7,10.0,0.7,3.0,7.0,6.0,4.5,10.0,6.0,0.7,0.7,9.0,4.0,2.5,0.7,0.7,4.0,7.0,0.5,0.5,3.5,3.0,2.5,1.5,6.0,7.5,6.0,5.0,9.0,4.0,0.7,3.0,4.0,2.0,2.0,1.0,5.0,3.5,7.0,6.0,1.5,6.0,2.0,2.0,,,,,,,,,,,,,,,,,,,,,,
2020-03-26,0.7,1.5,2.0,2.5,1.5,2.0,5.0,5.0,1.5,0.5,2.0,1.0,1.0,0.5,10.0,3.0,2.0,1.5,30.0,0.7,4.0,5.0,1.0,1.0,1.5,2.0,1.0,0.7,10.0,0.7,3.0,5.0,5.0,4.0,10.0,4.0,0.7,0.7,9.0,1.5,1.5,0.7,0.7,1.5,7.0,0.5,0.5,3.5,3.0,2.5,1.5,5.0,6.0,7.5,6.0,5.0,4.5,4.0,0.7,3.0,4.0,10.0,2.0,2.0,1.0,5.0,7.0,6.0,1.5,6.0,2.0,2.0,,,,,,,,,,,,,,,,,,,,,
2020-03-31,0.7,1.0,2.0,1.5,1.0,1.5,5.0,5.0,1.5,0.5,2.0,1.0,1.0,0.5,10.0,1.5,1.0,1.5,30.0,0.7,4.0,5.0,1.0,1.0,1.0,1.0,1.0,0.7,10.0,0.5,3.0,5.0,5.0,4.0,10.0,4.0,0.5,0.7,9.0,1.0,1.5,0.7,0.5,1.0,7.0,0.5,0.5,3.5,3.0,2.5,1.5,5.0,6.0,7.5,5.0,10.0,5.0,4.5,4.0,0.7,3.0,4.0,10.0,2.5,2.5,1.0,5.0,7.0,6.0,1.5,6.0,2.5,2.0,,,,,,,,,,,,,,,,,,,,
2020-04-05,0.7,1.0,4.0,1.5,1.0,1.5,2.5,5.0,1.5,0.5,2.0,1.0,1.0,0.5,10.0,2.5,1.5,1.0,20.0,15.0,0.7,2.0,4.0,1.0,1.0,2.0,1.0,1.0,0.7,10.0,8.0,0.5,1.5,2.5,3.0,2.5,7.0,6.0,0.5,1.0,4.0,1.0,3.0,2.0,0.5,1.0,7.0,0.5,0.5,5.0,3.0,3.0,50.0,2.5,4.0,8.0,9.0,7.5,5.0,5.0,4.0,1.0,4.0,6.0,5.0,2.5,1.0,5.0,5.0,6.0,1.5,6.0,6.0,2.5,4.0,,,,,,,,,,,,,,,,,,
2020-04-06,2.0,0.5,0.5,1.5,2.0,1.0,2.0,1.0,1.0,1.0,1.0,1.5,1.5,2.0,1.5,0.5,1.0,1.0,5.0,2.3,0.5,1.5,1.0,0.8,10.0,5.0,0.7,4.0,1.0,2.0,2.0,2.0,2.0,0.5,2.5,4.0,2.0,2.0,1.0,5.0,4.0,0.5,1.0,4.0,1.0,1.0,1.0,0.5,1.0,7.0,0.5,7.0,0.5,5.0,30.0,2.5,3.0,8.0,9.0,7.0,3.0,3.0,5.0,1.0,3.0,2.0,5.0,0.8,4.0,5.0,6.0,2.0,3.5,6.0,7.0,3.0,2.0,4.0,,,,,,,,,,,,,,,
2020-04-13,1.5,2.0,1.5,1.0,1.5,3.0,5.0,1.5,0.5,2.0,1.0,1.0,0.5,10.0,2.0,1.0,1.5,30.0,0.7,2.0,4.0,1.0,1.0,2.0,1.0,1.0,1.5,10.0,0.5,1.5,4.0,4.0,3.0,10.0,6.0,0.5,0.7,5.0,1.0,3.0,2.0,0.5,1.0,7.0,0.5,0.5,5.0,3.0,3.0,85.0,1.5,4.0,6.0,7.5,6.0,8.0,5.0,4.0,4.0,0.7,4.0,3.0,10.0,2.5,2.5,2.5,1.0,5.0,5.0,6.0,1.5,5.0,6.0,2.0,,,,,,,,,,,,,,,,,,,
2020-04-20,0.7,1.5,2.0,1.5,1.0,1.5,3.0,5.0,1.5,0.5,2.0,1.0,1.0,0.5,2.5,30.0,0.7,2.0,4.0,1.0,1.0,2.0,1.0,0.7,10.0,0.5,1.5,3.5,4.0,3.0,10.0,6.0,0.5,0.7,4.0,1.0,3.0,2.0,0.5,1.0,7.0,5.0,3.0,3.0,50.0,2.5,4.0,6.0,9.0,7.5,4.0,4.0,0.7,4.0,3.0,10.0,2.5,2.5,1.0,5.0,5.0,6.0,1.5,5.0,6.0,2.5,4.0,,,,,,,,,,,,,,,,,,,,,,,,,,
2020-04-23,0.7,1.5,4.0,1.5,1.0,1.5,3.0,5.0,1.5,0.5,2.0,1.0,1.0,0.5,10.0,1.5,1.0,1.5,30.0,0.7,2.0,4.0,1.0,1.0,2.0,1.0,1.0,0.7,10.0,0.5,1.5,3.0,4.0,3.0,7.0,6.0,0.5,0.7,4.0,1.0,3.0,3.0,2.0,1.0,7.0,0.5,0.5,3.0,50.0,2.5,4.0,8.0,9.0,7.5,8.0,5.0,4.0,4.0,4.0,3.5,10.0,2.5,2.5,1.0,5.0,5.0,6.0,1.5,5.0,6.0,2.5,4.0,,,,,,,,,,,,,,,,,,,,,
2020-04-27,0.7,1.5,4.0,1.5,1.0,1.5,2.5,5.0,1.5,0.5,2.0,1.0,1.0,0.5,10.0,1.5,1.0,1.5,30.0,0.7,2.0,4.0,1.0,1.0,2.0,1.0,1.0,0.7,10.0,0.5,1.5,2.5,3.0,2.5,7.0,6.0,0.5,0.7,4.0,1.0,3.0,2.0,0.5,1.0,7.0,0.5,0.5,5.0,3.0,3.0,50.0,2.5,4.0,8.0,9.0,7.5,8.0,3.0,4.0,4.0,1.0,4.0,3.5,10.0,2.5,2.5,1.0,5.0,5.0,6.0,1.5,5.0,6.0,2.5,4.0,,,,,,,,,,,,,,,,,,
2020-04-30,0.7,1.0,4.0,1.5,1.0,1.5,2.5,5.0,2.0,1.0,2.0,4.0,1.0,1.0,2.0,1.0,1.0,0.7,8.0,0.5,1.5,2.5,3.0,2.5,7.0,6.0,0.5,1.0,4.0,1.0,3.0,2.0,0.5,1.0,7.0,0.5,0.5,5.0,3.0,4.0,8.0,9.0,7.5,5.0,5.0,4.0,4.0,1.0,4.0,6.0,5.0,2.5,2.5,1.0,5.0,5.0,6.0,2.5,4.0,,,,,,,,,,,,,,,,,,,,,,,,,,,,,,,,,,
2020-05-03,0.7,4.0,5.0,3.0,1.5,2.0,6.0,2.5,4.0,0.5,1.0,1.2,0.5,0.5,4.5,3.0,1.0,15.0,0.7,4.0,8.0,1.0,1.0,1.0,2.0,2.5,0.7,14.0,0.7,5.0,6.0,3.5,8.0,6.0,0.7,0.7,9.0,4.0,3.0,2.0,0.7,4.0,7.0,0.5,0.5,3.5,3.0,2.5,1.5,4.0,7.5,6.0,5.0,3.5,4.0,0.7,3.0,8.0,2.0,2.0,1.0,5.0,3.5,6.0,1.5,6.0,2.0,2.0,,,,,,,,,,,,,,,,,,,,,,,,,
2020-05-10,2.5,1.0,0.7,1.0,0.5,3.0,0.5,1.5,0.7,1.0,1.0,1.0,3.0,0.5,2.0,1.0,0.5,3.0,1.5,1.0,1.5,1.5,2.0,2.5,0.5,0.8,1.0,4.0,1.0,0.5,1.5,0.7,2.0,1.0,15.0,0.7,0.8,2.0,1.0,3.0,0.7,2.0,1.0,2.0,1.0,1.0,0.5,1.5,2.0,1.0,2.0,1.5,0.5,0.8,2.5,1.0,3.0,0.7,0.5,0.5,1.5,7.0,0.5,2.0,6.0,0.5,8.0,3.0,3.0,2.0,25.0,5.0,5.0,9.0,6.0,2.0,2.0,6.0,4.0,5.0,2.0,5.0,0.5,6.0,4.5,2.0,4.0,8.0,1.5,3.0,,,
2020-05-11,0.7,1.5,3.0,1.5,1.0,1.5,3.0,4.0,2.5,0.5,0.8,1.5,1.0,0.5,1.5,1.0,2.0,1.0,15.0,0.7,1.3,3.0,3.0,0.7,2.0,2.0,2.0,1.5,1.0,0.5,3.0,3.0,2.0,3.5,5.0,0.5,0.8,3.0,1.5,5.0,2.5,0.5,2.0,7.0,0.5,2.0,6.0,0.5,8.0,15.0,3.5,1.5,2.0,30.0,3.0,6.0,8.5,5.0,3.5,2.0,6.0,1.0,4.0,6.0,2.0,5.0,1.5,7.0,4.0,3.5,3.0,8.0,3.0,3.0,,,,,,,,,,,,,,,,,,,
2020-05-18,1.0,1.0,2.0,1.0,1.0,1.0,3.0,1.0,1.0,0.0,1.0,1.0,1.0,0.0,10.0,0.0,0.0,0.0,5.0,5.0,0.0,1.0,2.0,1.0,2.0,2.0,1.0,0.0,3.0,2.0,0.0,1.0,1.0,1.0,1.0,5.0,6.0,0.0,1.0,3.0,1.0,2.0,1.0,0.0,1.0,7.0,0.0,0.0,5.0,3.0,40.0,2.0,0.0,4.0,8.0,9.0,7.0,5.0,3.0,3.0,5.0,1.0,7.0,3.0,2.0,2.0,1.0,5.0,5.0,6.0,1.0,6.0,2.0,4.0,,,,,,,,,,,,,,,,,,,
2020-05-21,1.2,1.0,2.0,1.5,1.0,1.5,1.0,3.0,1.2,1.5,0.5,1.0,1.0,1.5,0.5,10.0,0.5,0.5,0.8,5.0,5.0,0.7,1.5,2.0,1.0,2.0,2.0,1.0,0.7,3.0,2.0,0.5,1.5,1.0,1.5,1.0,5.0,4.0,0.5,1.0,3.0,1.5,2.0,0.5,1.0,7.0,0.5,0.5,5.0,3.0,3.0,40.0,2.5,3.0,4.0,8.0,9.0,7.0,5.0,3.0,3.0,1.0,7.0,3.0,2.5,2.5,1.0,5.0,5.0,6.0,1.5,2.0,6.0,2.5,4.0,,,,,,,,,,,,,,,,,,
2020-05-29,1.0,1.0,2.0,1.0,1.0,1.0,1.0,8.0,1.0,1.0,0.5,1.0,1.0,3.0,0.5,10.0,1.0,0.8,0.8,10.0,7.0,0.7,1.0,2.0,1.0,1.0,3.0,2.0,0.5,1.0,1.0,1.0,1.0,5.0,5.0,0.5,1.0,3.0,1.0,2.0,1.0,0.5,1.0,7.0,0.5,0.5,5.0,20.0,2.0,3.0,8.0,9.0,7.0,3.0,5.0,1.0,4.0,5.0,2.0,2.0,1.0,5.0,5.0,6.0,2.0,6.0,2.0,4.0,,,,,,,,,,,,,,,,,,,,,,,,,
2020-06-01,0.7,1.5,4.0,1.2,1.2,1.2,3.5,2.0,4.0,0.5,0.8,1.2,0.5,0.5,3.0,2.5,1.0,15.0,0.7,5.0,0.7,1.0,1.0,2.0,2.0,0.7,0.5,2.5,3.0,2.5,5.0,4.5,0.7,0.7,5.5,3.0,4.0,2.0,0.7,3.0,7.0,0.5,0.5,8.0,4.0,2.0,1.5,2.0,2.0,1.0,3.0,7.5,4.5,2.0,1.5,4.0,0.5,2.0,5.0,1.5,2.0,1.0,3.5,3.5,4.5,1.5,6.0,3.0,2.0,2.5,2.0,,,,,,,,,,,,,,,,,,,,,,
2020-06-02,0.7,3.5,4.0,2.0,1.5,2.0,4.0,2.5,7.0,0.5,0.8,1.2,0.5,0.5,4.5,3.5,1.0,15.0,0.7,8.0,1.0,2.0,1.5,2.0,3.5,0.7,0.7,3.0,4.0,2.5,5.0,4.5,0.7,0.7,7.0,3.0,4.0,2.5,0.7,5.0,7.0,0.5,0.5,8.0,5.0,2.0,1.5,2.0,4.0,1.0,3.0,7.5,6.0,4.0,2.0,4.0,0.5,2.0,7.0,2.0,2.0,1.0,3.5,3.0,3.5,4.5,1.5,6.0,3.0,2.0,4.0,2.0,,,,,,,,,,,,,,,,,,,,,
2020-06-04,0.7,1.0,2.0,1.5,1.0,1.5,5.0,5.0,1.5,0.5,2.0,1.0,1.0,0.5,10.0,1.5,0.8,1.5,30.0,0.7,2.0,4.0,1.0,1.0,1.5,1.0,1.0,0.7,10.0,0.5,1.5,5.0,5.0,4.0,10.0,6.0,0.5,0.7,9.0,1.0,2.5,1.0,0.5,1.0,7.0,0.5,0.5,3.5,3.0,2.5,1.5,4.0,6.0,7.5,5.0,8.0,5.0,4.0,4.0,0.7,4.0,3.0,10.0,2.5,2.5,1.0,5.0,5.0,6.0,1.5,5.0,6.0,2.5,2.0,,,,,,,,,,,,,,,,,,,
2020-06-07,2.0,0.5,2.0,0.5,1.5,3.0,1.5,4.0,2.0,1.0,3.0,1.0,0.5,3.0,2.0,0.5,0.7,2.0,1.0,1.0,1.5,2.0,3.0,1.5,0.5,1.0,5.0,1.0,0.5,0.5,0.5,0.8,10.0,5.0,0.7,8.0,4.0,2.0,1.0,2.0,1.5,0.5,0.5,2.5,3.0,2.0,2.0,2.0,4.0,2.0,0.5,1.0,3.0,0.7,1.0,1.0,0.5,0.7,7.0,0.5,4.0,0.5,6.0,15.0,2.5,1.0,5.0,8.0,6.0,3.0,3.0,6.0,5.0,2.0,5.0,0.5,3.5,2.5,3.0,6.0,2.0,3.0,1.5,4.0,,,,,,,,,
2020-06-08,2.5,1.5,0.7,1.0,0.5,3.0,1.0,0.7,4.0,1.0,1.0,0.7,3.0,0.5,0.5,2.0,0.8,1.0,0.5,0.7,0.4,2.0,1.0,0.5,1.5,1.0,3.0,2.5,0.5,0.7,1.5,5.0,1.0,0.5,0.8,0.8,2.5,0.8,17.0,10.0,0.7,1.5,1.5,1.0,2.0,1.0,2.0,1.5,3.0,0.5,0.5,1.0,1.0,1.0,2.0,1.0,0.5,1.0,1.0,0.5,2.0,0.8,1.0,0.5,0.7,7.0,4.0,0.5,4.0,5.0,15.0,5.0,4.0,7.0,10.0,5.0,15.0,3.0,4.0,6.0,5.0,2.0,5.0,0.5,4.0,4.0,2.0,3.0,6.0,3.0,3.0,1.5,4.0
2020-06-15,2.0,0.5,0.5,1.5,1.0,1.0,1.0,0.7,2.0,1.0,1.0,1.5,2.5,3.0,1.5,0.5,1.0,0.8,5.0,2.5,0.5,0.5,0.5,0.8,10.0,5.0,0.7,8.0,10.0,1.0,2.0,3.0,1.0,2.0,0.5,2.5,4.0,2.5,3.0,2.0,4.0,4.0,0.5,1.0,6.0,1.5,1.5,1.5,0.5,1.0,7.0,0.5,5.0,0.5,20.0,2.5,3.0,8.0,8.0,6.0,3.0,3.0,6.0,1.0,5.0,2.0,5.0,0.5,4.0,6.0,2.0,3.5,6.0,5.0,3.0,1.5,4.0,,,,,,,,,,,,,,,,
2020-06-18,2.0,0.5,0.5,1.5,1.0,1.0,1.0,0.7,2.0,1.0,1.0,1.5,2.5,3.0,1.5,0.5,1.0,0.8,5.0,2.5,0.5,0.5,0.5,0.8,10.0,5.0,0.7,8.0,6.0,1.0,2.0,1.5,1.0,2.0,0.5,2.5,4.0,2.5,3.0,2.0,4.0,4.0,0.5,1.0,6.0,1.5,1.5,1.5,0.5,1.0,7.0,0.5,5.0,0.5,10.0,20.0,2.5,1.0,5.0,8.0,6.0,3.0,3.0,6.0,1.0,5.0,2.0,5.0,0.5,4.0,6.0,2.0,3.5,6.0,5.0,3.0,1.5,4.0,,,,,,,,,,,,,,,
2020-06-22,2.0,0.5,0.5,1.5,1.0,1.0,1.0,0.7,2.0,1.0,1.0,1.5,2.5,3.0,1.5,0.5,1.0,0.8,5.0,2.5,0.5,0.5,0.5,0.8,10.0,5.0,0.7,8.0,3.0,1.0,2.0,1.5,1.0,0.5,2.5,4.0,2.5,3.0,2.0,4.0,2.0,0.5,1.0,6.0,1.0,1.5,1.5,0.5,1.0,7.0,0.5,5.0,0.5,20.0,2.5,1.0,5.0,8.0,6.0,3.0,3.0,6.0,5.0,2.0,5.0,0.5,4.0,4.0,3.5,6.0,3.0,3.0,1.5,4.0,,,,,,,,,,,,,,,,,,,
2020-06-25,2.0,0.5,2.0,0.5,3.0,3.0,1.5,4.0,2.5,1.0,3.0,1.0,1.5,3.0,2.0,1.0,0.7,2.0,1.0,1.0,1.5,2.0,3.0,1.5,0.5,1.0,1.0,5.0,2.5,0.5,0.5,0.5,0.8,10.0,5.0,0.7,8.0,3.0,1.0,2.0,1.5,1.0,2.0,0.5,2.5,3.0,2.5,2.0,2.0,4.0,2.0,0.5,1.0,3.0,0.7,1.5,1.5,0.5,0.7,7.0,0.5,5.0,0.5,10.0,15.0,2.5,1.0,5.0,8.0,6.0,3.0,3.0,6.0,5.0,2.0,5.0,0.5,4.0,3.0,3.5,6.0,3.0,3.0,1.5,4.0,,,,,,,,
2020-06-29,2.0,0.5,2.0,0.5,3.0,3.0,1.5,4.0,2.5,1.0,3.0,1.0,1.5,3.0,2.0,1.0,0.7,2.0,1.0,1.0,1.5,2.0,3.0,1.5,0.5,1.0,1.0,5.0,1.0,0.5,0.5,0.5,0.5,10.0,5.0,0.7,8.0,5.0,2.0,1.0,2.0,1.5,1.0,2.0,0.5,2.5,3.0,2.0,2.0,2.0,4.0,2.0,0.5,1.0,3.0,0.7,1.0,1.5,0.5,0.7,7.0,0.5,5.0,0.5,10.0,15.0,2.5,1.0,5.0,8.0,6.0,3.0,3.0,6.0,5.0,2.0,5.0,0.5,3.5,2.5,3.0,6.0,3.0,3.0,1.5,4.0,,,,,,,
2020-07-05,1.2,1.0,2.0,1.5,1.0,1.5,1.5,3.0,1.5,0.5,2.0,1.0,1.5,0.5,10.0,2.5,1.5,0.8,20.0,7.0,0.7,2.0,4.0,1.0,2.0,2.0,1.0,0.7,5.0,2.0,0.5,1.5,1.5,2.5,1.5,5.0,6.0,0.5,1.0,3.0,1.5,3.0,1.5,0.5,1.0,7.0,0.5,0.5,5.0,3.0,3.0,40.0,2.5,4.0,4.0,8.0,9.0,7.5,5.0,3.0,4.0,5.0,1.0,7.0,5.0,2.5,2.5,1.0,5.0,5.0,6.0,1.5,2.0,6.0,2.5,4.0,,,,,,,,,,,,,,,,,
2020-07-09,2.5,1.0,0.7,1.0,0.5,2.0,0.5,1.5,1.0,2.0,1.0,1.0,2.0,0.8,2.0,1.0,0.5,2.0,1.0,1.0,1.5,1.0,3.0,2.5,0.5,0.5,1.0,5.0,1.0,0.5,1.5,1.0,2.0,0.8,15.0,0.7,1.0,2.0,1.0,2.0,0.7,2.0,1.5,2.5,1.0,0.5,1.5,2.0,1.0,3.0,1.0,0.5,1.0,2.0,2.0,1.5,0.8,0.7,0.5,2.0,7.0,0.5,2.0,6.0,0.5,6.0,3.0,2.0,20.0,5.0,10.0,10.0,6.0,2.0,4.0,6.0,5.0,2.0,5.0,0.5,4.0,6.0,2.0,2.5,6.0,1.0,4.0,,,,,,
2020-07-12,0.7,3.5,5.0,1.5,2.5,4.0,4.0,0.5,0.5,1.0,2.0,1.0,0.5,2.5,1.5,2.0,1.0,15.0,0.7,1.5,3.0,0.7,2.0,4.0,2.0,3.5,1.0,0.5,4.0,4.0,2.5,3.0,6.0,0.5,1.0,4.0,2.0,4.0,2.5,0.5,1.5,7.0,0.5,15.0,4.5,2.5,1.5,2.7,35.0,2.0,7.0,8.0,5.0,15.0,5.0,2.0,6.0,1.0,4.0,15.0,2.0,5.0,2.5,4.0,4.0,3.0,3.5,8.0,3.0,3.0,,,,,,,,,,,,,,,,,,,,,,,
2020-07-14,1.5,0.7,2.0,0.5,2.0,3.0,0.7,4.0,2.0,1.0,3.0,1.0,0.5,3.0,1.0,0.5,0.7,2.0,1.0,1.0,1.5,1.5,3.0,1.5,0.5,1.0,5.0,1.0,0.5,0.8,0.8,0.8,10.0,0.7,8.0,2.0,1.0,2.0,1.5,0.5,0.5,2.5,3.0,1.5,2.0,2.0,2.0,2.0,0.5,1.0,2.0,0.7,2.0,1.0,1.0,0.5,0.7,7.0,0.5,4.0,0.5,6.0,15.0,2.5,2.5,7.0,8.0,6.0,3.0,3.0,6.0,5.0,2.0,5.0,0.7,3.5,2.5,3.0,6.0,2.0,3.0,1.5,4.0,,,,,,,,,,
2020-07-16,1.5,0.7,2.0,0.5,2.0,3.0,0.7,4.0,2.0,1.0,3.0,1.0,0.5,3.0,1.0,0.5,0.7,2.0,1.0,1.0,1.5,1.5,3.0,1.5,0.5,1.0,5.0,1.0,0.5,0.8,0.8,0.8,10.0,0.7,8.0,2.0,1.0,2.0,1.5,0.5,0.5,2.5,3.0,1.5,2.0,2.0,2.0,2.0,0.5,1.0,2.0,0.7,2.0,1.0,1.0,0.5,0.7,7.0,0.5,4.0,0.5,6.0,15.0,2.0,2.5,7.0,8.0,6.0,3.0,3.0,6.0,5.0,2.0,5.0,0.7,3.5,2.5,3.0,6.0,2.0,3.0,1.5,4.0,,,,,,,,,,
2020-07-20,1.5,0.7,1.5,0.5,2.0,1.0,0.7,1.0,1.0,3.0,1.0,0.5,1.0,1.0,0.5,0.7,2.0,1.0,1.0,1.5,1.0,3.0,1.5,0.5,1.0,5.0,1.0,0.5,0.8,0.8,0.8,10.0,0.7,8.0,3.5,1.0,1.0,2.0,1.5,0.5,0.5,3.0,1.0,1.0,1.5,2.0,2.0,0.5,1.0,1.0,0.7,2.0,1.0,1.0,0.5,0.7,7.0,0.5,4.0,0.5,6.0,15.0,2.5,2.5,7.0,8.0,6.0,3.0,3.0,6.0,5.0,2.0,5.0,0.7,5.0,2.5,3.0,6.0,2.0,3.0,1.5,4.0,,,,,,,,,,,
2020-07-23,1.5,0.7,1.5,0.5,2.0,1.0,0.7,4.0,1.0,1.0,0.7,3.0,1.0,0.5,1.0,1.0,1.0,0.5,0.7,2.0,1.0,1.0,1.5,1.0,3.0,1.5,0.5,1.0,5.0,1.0,0.5,0.8,0.8,0.8,10.0,0.7,8.0,3.5,1.0,1.0,2.0,1.5,0.5,0.5,3.0,1.0,1.0,1.5,2.0,2.0,0.5,1.0,1.0,0.7,2.0,1.0,1.0,0.5,0.7,7.0,0.5,4.0,0.5,6.0,6.0,15.0,2.0,2.0,7.0,8.0,6.0,3.0,3.0,6.0,5.0,2.0,5.0,0.7,3.5,2.5,3.0,6.0,2.0,3.0,1.5,4.0,,,,,,,
2020-07-27,1.5,0.7,1.0,0.5,3.0,1.0,0.7,1.0,1.0,0.7,3.0,0.5,0.5,2.0,0.8,1.0,0.5,0.7,2.0,1.0,0.5,1.5,1.0,3.0,1.5,0.5,1.0,5.0,1.0,0.5,0.8,0.8,0.8,10.0,0.7,2.5,2.0,1.0,2.0,1.5,0.5,0.5,3.0,1.0,1.0,1.0,2.0,1.0,0.5,1.0,1.0,0.5,2.0,0.8,1.0,0.7,7.0,0.5,4.0,0.5,6.0,4.0,15.0,2.5,7.0,7.0,5.0,2.0,3.0,6.0,5.0,2.0,5.0,0.5,5.0,2.0,3.0,6.0,3.0,3.0,1.5,4.0,,,,,,,,,,,
2020-08-06,2.0,0.5,0.5,1.5,2.0,1.0,2.0,1.0,1.0,1.0,1.0,1.5,2.5,2.0,1.5,0.5,1.0,0.8,5.0,2.3,0.5,1.5,1.0,0.8,20.0,5.0,0.7,10.0,5.0,1.0,2.0,2.0,2.0,2.0,0.5,2.5,4.0,2.5,3.0,2.0,4.0,4.0,0.5,1.0,6.0,1.0,1.0,1.0,0.5,1.0,7.0,0.5,5.0,0.5,20.0,2.5,3.0,8.0,9.0,6.0,3.0,3.0,5.0,1.0,5.0,2.0,5.0,0.5,4.0,5.0,6.0,2.0,3.5,6.0,7.0,3.0,2.0,4.0,,,,,,,,,,,,,,,
2020-08-10,2.5,1.0,0.7,2.0,0.5,2.5,0.5,2.0,1.0,1.0,1.0,3.0,1.0,2.0,1.0,0.5,3.0,1.5,1.0,1.5,1.5,2.0,2.5,0.5,0.8,1.0,4.0,1.0,0.5,1.5,1.0,2.0,1.0,15.0,0.7,0.8,1.0,3.0,0.7,2.0,1.0,1.5,1.0,1.0,0.5,2.0,2.0,2.0,2.0,1.5,0.5,0.8,2.5,1.5,3.0,1.0,0.5,0.5,1.5,7.0,0.5,2.0,6.0,0.5,8.0,3.0,3.0,2.0,25.0,5.0,5.0,9.0,6.0,2.0,2.0,6.0,4.0,6.0,2.0,5.0,1.0,6.0,4.5,2.0,5.0,8.0,1.5,3.0,,,,,
2020-08-13,1.5,8.0,0.7,6.0,1.0,0.7,3.0,0.5,0.8,2.0,0.8,0.7,0.4,1.0,0.5,1.5,3.0,2.5,0.5,0.7,1.5,2.0,6.0,6.0,1.5,1.0,2.5,0.8,17.0,10.0,0.7,1.5,1.5,2.0,1.0,2.0,1.5,3.0,0.8,0.5,0.5,1.0,1.0,2.0,1.0,0.5,0.0,0.5,0.5,0.5,0.7,7.0,0.3,5.0,15.0,5.0,4.0,7.0,10.0,5.0,5.5,6.0,5.0,2.0,2.0,5.0,0.5,3.0,5.0,7.0,1.0,0.5,1.0,0.8,0.5,3.0,8.0,4.0,,,,,,,,,,,,,,,
2020-08-17,2.5,1.0,0.7,1.0,0.5,8.0,1.0,0.7,0.7,1.0,0.7,3.0,0.7,0.8,2.0,0.8,1.0,0.8,0.7,2.0,1.0,0.7,1.5,0.7,3.0,2.5,0.5,0.5,1.5,5.0,1.0,0.5,1.5,1.0,2.0,0.8,10.0,0.7,1.5,2.0,1.0,2.0,0.7,2.0,1.5,3.0,0.8,0.5,0.7,1.0,1.0,2.0,1.0,0.5,1.0,1.0,0.5,1.0,0.8,0.5,0.5,0.7,7.0,0.3,6.0,0.5,6.0,5.0,15.0,5.0,7.0,7.5,5.0,2.0,5.0,6.0,5.0,2.0,5.0,0.5,4.0,7.0,2.0,3.0,6.0,8.0,3.0,1.5,4.0,,,,
2020-08-20,2.5,1.0,0.7,1.0,0.5,1.0,0.5,0.5,1.0,1.0,3.0,0.5,1.0,2.0,0.8,1.0,1.0,0.7,2.0,1.0,0.5,1.5,0.5,3.0,2.5,0.5,0.5,1.0,5.0,1.0,0.5,1.5,1.0,2.0,0.8,10.0,0.7,1.5,2.0,1.0,2.0,1.0,2.0,1.5,3.0,1.0,0.5,0.5,1.0,1.0,2.0,1.0,0.5,1.0,1.0,1.0,1.0,0.8,0.5,0.5,1.0,7.0,0.3,6.0,0.5,6.0,7.0,15.0,5.0,10.0,7.5,5.0,2.0,4.0,6.0,5.0,2.0,5.0,0.5,4.0,6.0,2.0,4.0,6.0,3.0,1.0,4.0,,,,,,
2020-08-24,2.5,1.0,0.7,1.0,0.5,1.5,0.5,1.5,1.0,1.5,3.0,1.0,1.0,2.0,0.8,1.5,1.0,0.5,2.0,1.0,1.0,1.5,1.0,3.0,2.5,0.5,0.5,1.0,5.0,1.0,0.5,1.5,1.0,2.0,0.8,15.0,0.7,1.5,2.0,1.0,2.0,0.7,2.0,1.5,3.0,1.0,0.5,1.5,1.5,1.0,2.0,2.0,0.5,1.0,1.5,1.5,1.5,0.8,0.7,0.5,1.5,7.0,0.5,2.0,6.0,0.5,6.0,5.0,5.0,15.0,5.0,10.0,8.0,5.0,2.0,4.0,6.0,5.0,2.0,5.0,0.5,4.0,6.0,2.0,4.0,6.0,3.0,1.0,4.0,,,,
2020-08-27,2.5,1.0,0.7,1.0,0.5,1.5,0.5,1.5,1.0,1.5,1.0,1.0,2.0,0.8,1.5,1.0,0.5,2.0,1.0,1.0,1.5,1.0,3.0,2.5,0.5,0.5,1.0,5.0,1.0,0.5,1.5,1.0,2.0,0.8,15.0,0.7,1.5,2.0,1.0,2.0,0.7,2.0,1.5,3.0,1.0,0.5,1.5,1.5,1.0,2.0,2.0,0.5,1.0,1.5,1.5,1.5,0.8,0.7,0.5,1.5,7.0,0.5,2.0,6.0,0.5,6.0,5.0,2.0,5.0,15.0,5.0,10.0,8.0,5.0,2.0,4.0,6.0,5.0,2.0,6.0,0.5,4.0,6.0,2.0,2.5,6.0,1.0,4.0,,,,,
2020-08-31,2.5,1.0,0.7,1.0,0.5,1.5,0.5,1.5,1.0,2.0,1.0,1.0,2.0,0.8,1.5,1.0,0.5,2.0,1.0,1.0,1.5,1.0,3.0,2.5,0.5,0.5,1.0,5.0,1.0,0.5,1.5,1.0,2.0,0.8,15.0,0.7,1.5,2.0,1.0,2.0,0.7,2.0,1.5,2.5,1.0,0.5,1.5,1.5,1.0,3.0,2.0,0.5,1.0,1.5,2.0,1.5,0.8,0.5,0.5,2.0,7.0,0.5,2.0,6.0,0.5,6.0,5.0,2.0,5.0,15.0,5.0,10.0,10.0,6.0,2.0,4.0,6.0,5.0,2.0,5.0,0.5,4.0,6.0,2.0,2.5,6.0,1.0,4.0,,,,,
2020-09-01,0.7,2.0,4.0,1.2,1.2,1.5,4.0,2.0,4.0,0.5,0.8,1.2,0.5,0.5,3.5,2.5,1.0,15.0,0.7,5.0,0.7,1.0,1.0,2.0,3.5,0.7,0.5,2.5,4.0,2.5,5.0,4.5,0.7,0.7,7.0,4.0,4.0,2.5,0.7,4.0,7.0,0.5,0.5,8.0,4.0,2.0,1.5,2.0,2.0,1.0,3.0,7.5,4.5,4.0,1.5,4.0,0.5,2.0,5.0,1.5,2.0,1.0,3.5,3.5,4.5,1.5,6.0,3.0,2.0,2.5,2.0,,,,,,,,,,,,,,,,,,,,,,
2020-09-03,0.7,3.5,5.0,3.0,1.5,2.0,4.5,2.5,4.0,0.5,1.0,1.2,0.5,0.5,12.0,4.0,3.0,1.0,15.0,0.7,4.0,8.0,1.0,1.0,1.0,2.0,2.5,0.7,14.0,0.7,5.0,6.0,3.0,8.0,6.0,0.7,0.7,9.0,3.5,3.0,2.0,0.7,4.0,7.0,0.5,0.5,3.5,3.0,2.5,1.5,4.0,7.5,3.5,5.0,3.5,4.0,0.7,3.0,8.0,2.0,2.0,1.0,5.0,3.5,6.0,1.5,6.0,2.0,2.0,,,,,,,,,,,,,,,,,,,,,,,,
2020-09-04,0.7,1.0,2.0,1.5,1.0,1.5,3.0,5.0,1.5,0.5,2.0,1.0,1.0,0.5,10.0,1.5,0.8,1.5,30.0,0.7,2.0,4.0,1.0,1.0,2.0,1.0,1.0,0.7,10.0,0.5,1.5,4.0,4.0,3.0,10.0,6.0,0.5,0.7,7.0,1.0,2.5,1.0,0.5,1.0,7.0,0.5,0.5,5.0,3.0,3.0,1.5,4.0,6.0,7.5,6.0,8.0,5.0,4.0,4.0,0.7,4.0,3.0,10.0,2.5,2.5,1.0,5.0,5.0,6.0,1.5,5.0,6.0,2.5,2.0,,,,,,,,,,,,,,,,,,,
2020-09-07,1.5,0.7,2.0,0.5,2.0,3.0,0.7,4.0,2.0,1.0,3.0,1.0,0.5,3.0,1.0,0.5,0.7,2.0,1.0,1.0,1.5,1.5,3.0,1.5,0.5,1.0,5.0,1.0,0.5,0.8,0.8,0.8,10.0,0.7,8.0,2.0,1.0,2.0,1.5,0.5,0.5,2.5,3.0,1.5,2.0,2.0,4.0,2.0,0.5,1.0,2.0,0.7,1.0,1.0,0.5,0.7,7.0,0.5,4.0,0.5,4.0,15.0,2.5,2.5,7.0,8.0,6.0,3.0,3.0,6.0,5.0,2.0,5.0,0.7,3.5,2.5,3.0,6.0,2.0,3.0,1.5,4.0,,,,,,,,,,,
2020-09-11,0.7,2.5,5.0,1.5,1.0,2.0,3.0,4.0,2.5,0.5,1.5,1.0,0.5,1.5,1.0,2.0,1.0,15.0,0.7,1.3,3.0,3.0,0.7,2.0,3.0,2.0,2.0,1.0,0.5,3.0,3.0,2.0,3.5,5.0,0.5,0.8,3.0,1.0,5.0,2.5,0.5,2.0,7.0,0.5,2.0,6.0,0.5,8.0,15.0,3.5,1.5,2.0,30.0,3.0,6.0,8.0,5.0,3.5,2.0,6.0,1.0,4.0,8.0,2.0,5.0,1.5,7.0,4.0,3.5,3.0,8.0,3.0,3.0,,,,,,,,,,,,,,,,,,,,
2020-09-14,2.5,1.0,0.7,1.0,0.5,2.0,0.5,1.5,0.5,1.0,1.0,1.0,2.0,0.8,2.0,1.0,0.5,2.0,1.0,1.0,1.5,1.0,3.0,2.5,0.5,0.5,1.0,5.0,1.0,0.5,1.0,0.5,2.0,0.8,15.0,0.7,1.0,2.0,1.0,2.0,0.7,2.0,1.5,2.5,1.0,0.5,1.5,2.0,1.0,3.0,0.5,1.0,2.0,1.0,1.5,0.8,0.5,0.5,2.0,7.0,0.5,2.0,6.0,0.5,8.0,3.0,2.0,20.0,5.0,8.0,10.0,6.0,2.0,4.0,6.0,5.0,2.0,5.0,0.5,4.0,6.0,2.0,2.5,6.0,1.0,4.0,,,,,,,
2020-09-17,2.5,1.0,0.7,1.0,0.5,2.0,0.5,1.5,0.5,1.0,1.0,1.0,2.0,0.8,2.0,1.0,0.5,2.0,1.5,1.0,1.5,1.0,3.0,2.5,0.5,0.5,1.0,4.0,1.0,0.5,1.0,0.5,2.0,1.0,15.0,0.7,1.0,2.0,1.0,2.0,0.7,2.0,1.5,2.5,1.0,0.5,1.5,2.0,1.0,3.0,1.0,0.5,1.0,2.0,1.0,1.5,0.8,0.5,0.5,2.0,7.0,0.5,2.0,6.0,0.5,8.0,3.0,2.0,20.0,7.0,8.0,10.0,6.0,2.0,3.5,6.0,5.0,2.0,5.0,0.5,6.0,6.0,2.0,2.5,6.0,1.0,4.0,,,,,,
2020-09-21,2.5,1.0,0.7,1.0,0.5,2.0,0.5,1.5,1.0,1.0,1.0,2.0,0.8,2.0,1.0,0.5,2.0,1.5,1.0,1.5,1.0,3.0,2.5,0.5,0.5,1.0,4.0,1.0,0.5,1.0,0.5,2.0,1.0,15.0,0.7,1.0,2.0,1.0,2.0,0.7,2.0,1.5,2.5,1.0,0.5,1.5,2.0,1.0,3.0,1.0,0.5,1.0,2.0,1.0,1.5,0.8,0.5,0.5,2.0,7.0,0.5,2.0,6.0,0.5,8.0,3.0,2.0,20.0,7.0,8.0,10.0,6.0,2.0,3.5,6.0,5.0,2.0,5.0,0.5,6.0,6.0,2.0,2.5,6.0,1.0,4.0,,,,,,,
2020-09-24,2.5,1.0,0.7,1.0,0.5,3.0,0.5,1.5,0.5,1.0,1.0,1.0,2.0,0.8,2.0,1.0,0.5,3.0,1.5,1.0,1.5,1.5,2.0,2.5,0.5,0.5,1.0,4.0,1.0,0.5,1.0,0.5,2.0,1.0,15.0,0.7,1.0,2.0,1.0,2.0,0.7,2.0,1.5,2.0,1.0,0.5,1.5,2.0,1.0,2.0,1.0,0.5,1.0,2.5,1.0,1.5,1.0,0.5,0.5,1.5,7.0,0.5,2.0,6.0,0.5,8.0,3.0,2.0,20.0,7.0,8.0,9.0,6.0,2.0,3.5,6.0,5.0,2.0,5.0,0.5,6.0,6.0,2.0,4.0,6.0,1.5,4.0,,,,,,
2020-09-28,2.5,1.0,0.7,1.0,0.5,2.5,0.5,1.5,0.5,1.0,1.0,1.0,2.0,0.8,2.0,1.0,0.5,3.0,1.5,1.0,1.5,1.5,2.0,2.5,0.5,0.5,1.0,4.0,1.0,0.5,1.0,0.5,2.0,1.0,15.0,0.7,1.0,2.0,1.0,2.0,0.7,2.0,1.5,2.0,1.0,0.5,1.5,2.0,1.0,2.0,1.0,0.5,1.0,2.0,1.0,1.5,1.0,0.5,0.5,1.5,7.0,0.5,2.0,6.0,0.5,8.0,3.0,2.0,20.0,7.0,8.0,9.0,6.0,2.0,3.5,6.0,5.0,2.0,5.0,0.5,6.0,6.0,2.0,4.0,6.0,1.5,4.0,,,,,,
2020-10-02,0.7,3.5,4.0,3.0,1.5,2.0,4.0,2.5,7.0,0.5,0.8,1.2,0.5,0.5,4.5,4.0,1.0,15.0,0.7,8.0,1.0,2.0,1.5,2.0,3.5,0.7,0.7,3.0,6.0,3.0,5.0,5.5,0.7,0.7,7.0,4.0,3.5,2.5,0.7,5.0,7.0,0.5,0.5,8.0,2.0,3.0,2.0,4.0,1.0,3.0,7.5,6.0,4.0,2.0,4.0,0.5,2.5,8.0,2.0,2.0,1.0,3.5,3.0,3.5,4.5,1.5,6.0,2.0,4.0,2.0,,,,,,,,,,,,,,,,,,,,,,,
2020-10-08,1.0,1.0,0.7,4.0,1.0,1.0,0.7,3.0,0.5,0.5,2.0,0.8,0.5,0.7,0.4,2.0,1.0,0.5,1.5,0.5,3.0,2.5,0.5,0.7,1.5,5.0,1.0,0.5,1.5,0.8,2.5,0.8,17.0,10.0,0.7,1.5,2.0,1.0,0.5,2.0,1.0,2.0,1.5,3.0,0.5,0.5,1.0,1.0,1.0,2.0,1.0,0.5,1.0,1.0,0.5,1.5,1.5,1.0,0.5,0.7,7.0,0.5,4.0,0.5,6.0,5.0,15.0,5.0,4.0,7.0,10.0,5.0,3.0,4.0,6.0,5.0,2.0,5.0,4.0,7.0,2.0,3.0,6.0,8.0,3.0,1.5,4.0,,,,,,
2020-10-09,2.5,1.0,0.7,1.0,0.5,2.0,0.5,1.5,0.5,1.0,1.0,2.0,0.8,2.0,1.0,0.5,2.0,1.0,1.0,1.5,1.0,3.0,2.5,0.5,0.5,1.0,5.0,1.0,0.5,1.0,0.5,2.0,0.8,15.0,0.7,1.0,2.0,1.0,2.0,0.7,2.0,1.5,2.5,1.0,0.5,1.5,2.0,1.0,3.0,1.0,0.5,1.0,2.0,1.0,1.5,0.8,0.5,0.5,2.0,7.0,0.5,2.0,6.0,0.5,6.0,3.0,2.0,20.0,5.0,8.0,10.0,6.0,2.0,4.0,6.0,5.0,2.0,5.0,0.5,4.0,6.0,2.0,2.5,6.0,1.0,4.0,,,,,,,
2020-10-12,0.7,3.5,1.5,1.5,2.5,4.5,4.0,4.0,0.5,1.0,2.0,1.0,0.5,2.5,1.5,1.0,15.0,0.7,1.5,4.0,0.7,2.0,3.0,2.0,3.5,4.0,4.0,2.5,3.0,6.0,0.5,1.0,4.0,2.0,0.5,1.5,7.0,0.5,0.5,15.0,4.0,2.5,1.5,2.7,1.0,35.0,2.0,7.0,8.0,5.0,5.0,2.0,6.0,1.0,4.0,12.0,2.0,5.0,2.5,4.0,4.0,3.0,3.5,8.0,3.0,3.0,,,,,,,,,,,,,,,,,,,,,,,,,,,
2020-10-15,2.5,1.0,0.7,2.0,0.5,2.5,0.5,2.0,1.0,1.5,1.0,1.0,3.0,1.0,2.0,1.5,1.0,3.0,1.5,1.0,1.5,2.0,2.0,2.5,0.5,0.8,1.0,1.0,0.5,1.5,1.0,2.0,1.0,15.0,0.7,0.8,1.0,3.0,0.7,2.0,1.0,1.5,1.0,1.0,0.5,1.5,3.0,2.0,2.0,2.0,0.5,0.8,2.5,1.0,3.0,1.0,0.8,0.5,1.5,7.0,0.5,2.0,6.0,0.5,8.0,3.0,3.0,2.0,25.0,5.0,5.0,9.5,6.0,2.0,2.0,6.0,1.5,4.0,6.0,2.0,5.0,1.0,7.0,2.0,7.0,8.0,1.5,3.0,,,,,
2020-10-19,2.5,1.0,0.7,2.0,0.5,2.5,0.5,2.0,1.0,1.5,1.0,1.0,3.0,1.5,2.0,1.5,1.0,3.0,1.5,1.0,1.5,2.0,3.5,2.5,0.5,0.8,1.0,1.0,0.5,1.5,1.0,2.0,1.0,15.0,0.7,0.8,1.0,3.0,0.7,8.0,1.0,1.5,1.0,1.0,0.5,1.5,3.0,2.0,2.0,3.0,0.5,0.8,2.5,1.0,3.0,1.5,0.8,0.5,1.5,7.0,0.5,2.0,6.0,0.5,3.0,3.0,2.0,25.0,5.0,5.0,9.5,6.0,2.0,2.0,6.0,1.0,4.0,6.0,2.0,5.0,1.0,7.0,2.0,7.0,8.0,1.5,3.0,,,,,,
2020-10-22,2.5,1.0,0.7,2.0,0.5,2.5,0.5,2.0,1.5,1.0,1.0,3.0,1.5,2.0,1.5,3.0,1.5,1.0,1.5,2.0,3.5,2.5,0.5,0.8,1.0,1.0,0.5,1.5,1.0,2.0,0.7,15.0,0.7,0.8,1.0,3.0,0.7,2.0,1.0,1.5,1.0,1.0,0.5,1.5,3.0,2.0,2.0,3.0,0.5,0.8,3.0,1.0,3.0,1.5,0.5,1.5,7.0,0.5,2.0,6.0,0.5,8.0,2.5,1.5,2.0,25.0,3.0,5.0,9.5,6.0,2.0,2.0,6.0,1.0,4.0,6.0,2.0,5.0,1.0,7.0,2.0,7.0,8.0,1.5,3.0,,,,,,,,
2020-10-26,2.5,1.0,0.7,2.0,0.5,2.5,0.5,2.0,1.0,1.5,1.0,1.0,3.0,1.5,2.0,1.5,3.0,1.5,1.0,1.5,2.0,3.5,2.5,0.5,0.8,1.0,1.0,0.5,1.5,1.0,2.0,1.0,15.0,0.7,0.8,1.0,3.0,3.0,0.7,2.0,1.5,1.0,1.0,0.5,2.0,3.0,2.0,2.0,3.0,0.5,0.8,3.0,1.0,3.0,1.5,0.5,1.5,7.0,0.5,2.0,6.0,0.5,8.0,2.0,1.5,2.0,25.0,3.0,5.0,9.0,5.0,2.0,2.0,6.0,1.0,4.0,6.0,2.0,5.0,1.5,7.0,2.0,8.0,1.5,3.0,,,,,,,,
2020-11-05,1.2,1.0,2.0,1.5,1.0,1.5,1.5,3.0,2.0,1.5,0.5,1.0,1.5,0.5,10.0,1.0,1.0,0.8,15.0,5.0,0.7,2.0,3.0,1.0,2.0,2.0,1.0,0.7,3.0,2.0,0.5,1.5,1.0,1.5,1.0,5.0,6.0,0.5,1.0,3.0,1.5,3.0,1.5,0.5,1.0,7.0,0.5,0.5,5.0,3.0,3.0,40.0,2.5,0.0,4.0,8.0,9.0,7.0,5.0,3.0,3.0,5.0,1.0,7.0,3.0,2.5,2.5,1.0,5.0,5.0,6.0,2.0,6.0,2.5,4.0,,,,,,,,,,,,,,,,,,
2020-11-06,2.0,0.5,0.5,1.5,1.0,1.0,2.0,0.7,1.0,1.0,1.0,1.5,2.5,3.0,1.5,0.5,1.0,0.8,5.0,2.3,0.5,0.5,0.5,0.8,10.0,5.0,0.7,8.0,10.0,1.0,2.0,3.0,2.0,2.0,0.5,2.5,4.0,2.5,3.0,2.0,4.0,4.0,0.5,1.0,6.0,1.0,1.0,1.0,0.5,1.0,7.0,0.5,5.0,0.5,20.0,2.5,3.0,8.0,9.0,6.0,3.0,3.0,6.0,1.0,5.0,2.0,5.0,0.5,4.0,5.0,6.0,2.0,3.5,6.0,5.0,3.0,1.5,4.0,,,,,,,,,,,,,,,
2020-11-16,0.7,2.5,5.0,1.5,1.0,2.5,3.0,4.0,2.5,0.5,1.0,1.5,1.0,0.5,1.5,1.0,2.0,1.0,15.0,0.7,1.3,3.0,4.0,0.7,2.0,3.0,2.0,2.0,1.0,0.5,3.0,3.0,2.5,3.0,5.0,0.5,0.8,3.5,2.0,4.0,2.5,0.5,2.0,7.0,0.5,0.5,15.0,3.5,1.5,1.5,2.5,35.0,2.0,7.0,8.0,5.0,3.5,2.0,6.0,1.0,4.0,10.0,2.0,5.0,2.5,4.0,3.5,3.0,9.0,3.0,3.0,,,,,,,,,,,,,,,,,,,,,,
2020-11-19,0.7,2.5,5.0,1.5,1.0,2.5,3.0,4.0,2.5,0.5,1.0,1.5,1.0,0.5,1.0,1.0,2.0,1.0,15.0,0.7,1.3,3.0,4.0,0.7,2.0,3.0,2.0,2.0,1.0,0.5,3.0,3.0,2.5,3.0,5.0,0.5,0.8,3.5,2.0,4.0,2.5,0.5,2.0,7.0,0.5,0.5,15.0,4.5,1.5,1.5,2.5,35.0,2.0,7.0,8.0,5.0,2.0,6.0,1.0,4.0,10.0,3.5,5.0,2.5,4.0,3.5,3.0,8.0,3.0,3.0,,,,,,,,,,,,,,,,,,,,,,,
2020-11-23,0.7,2.5,5.0,1.5,1.0,2.5,3.0,4.0,3.5,0.5,1.0,2.0,1.0,0.5,1.0,1.0,2.0,1.0,15.0,0.7,1.5,3.0,4.0,0.7,2.0,4.0,2.0,2.0,1.0,0.5,3.0,2.5,2.5,3.0,5.0,0.5,0.8,3.5,2.0,4.0,2.5,0.5,2.0,7.0,0.5,0.5,15.0,4.5,2.0,1.5,2.5,35.0,2.0,7.0,8.0,5.0,3.5,2.0,6.0,1.0,4.0,13.0,2.0,5.0,2.5,4.0,3.5,3.0,8.0,3.0,3.0,,,,,,,,,,,,,,,,,,,,,,
2020-11-27,0.7,3.5,5.0,1.5,1.0,2.5,3.0,4.0,3.5,0.5,1.0,2.0,1.0,0.5,2.0,1.5,2.0,1.0,15.0,0.7,1.5,3.0,4.0,0.7,2.0,4.0,2.0,3.5,1.0,0.5,3.0,3.0,2.5,3.0,5.0,0.5,0.8,3.5,2.0,4.0,2.5,0.5,2.0,7.0,0.5,0.5,15.0,4.5,2.0,1.5,2.5,35.0,2.0,7.0,8.0,5.0,15.0,5.0,2.0,6.0,1.0,4.0,13.0,2.0,5.0,2.5,4.0,3.5,3.0,3.5,8.0,3.0,3.0,,,,,,,,,,,,,,,,,,,,
2020-11-30,0.7,4.0,3.5,5.0,1.5,1.5,2.5,4.5,3.5,0.5,1.0,2.0,1.0,0.5,2.5,1.5,2.0,1.0,15.0,0.7,1.5,3.0,4.0,0.7,2.0,4.0,2.0,3.5,1.0,0.5,4.5,3.0,2.5,3.0,6.0,0.5,1.0,4.0,2.0,4.0,2.5,0.5,2.0,7.0,0.5,0.5,15.0,4.5,2.0,1.5,2.5,35.0,2.0,7.0,8.0,5.0,5.0,2.0,6.0,1.0,4.0,13.0,2.0,5.0,2.5,4.0,3.5,3.0,3.5,8.0,3.0,3.0,,,,,,,,,,,,,,,,,,,,,
2020-12-03,0.7,3.5,5.0,3.0,1.5,2.0,6.0,2.5,4.0,0.5,1.0,1.0,0.5,0.5,12.0,4.0,3.0,1.0,20.0,0.7,4.0,10.0,1.0,1.0,1.0,1.5,2.5,0.7,14.0,0.7,2.5,6.0,6.0,3.0,8.0,6.0,0.7,0.7,9.0,3.5,3.0,2.0,0.7,4.0,7.0,0.5,0.5,3.5,3.0,2.5,1.5,4.0,7.5,6.0,5.0,3.5,4.0,0.7,3.0,8.0,2.0,2.0,1.0,5.0,3.5,6.0,1.5,6.0,2.0,2.0,,,,,,,,,,,,,,,,,,,,,,,
2020-12-10,2.5,1.0,0.7,2.0,0.5,2.5,0.5,2.5,1.5,1.0,1.0,3.0,1.0,3.0,1.5,1.0,3.0,1.5,1.0,1.5,2.0,2.0,2.5,0.5,0.8,1.0,4.0,1.0,0.5,1.5,1.0,2.0,1.0,15.0,0.7,0.8,1.0,3.0,0.7,2.0,1.0,1.5,1.0,1.0,0.5,2.5,3.0,2.0,3.0,1.5,0.5,0.8,2.5,1.5,3.0,1.0,0.8,0.5,1.5,7.0,0.5,2.0,6.0,0.5,8.0,3.0,3.0,2.0,25.0,5.0,5.0,9.5,6.0,2.0,2.0,6.0,4.0,6.0,2.0,5.0,1.0,6.0,4.5,2.0,5.0,8.0,1.0,3.0,,,,,
2020-12-11,0.7,2.5,5.0,1.5,1.0,2.5,3.0,4.0,2.5,0.5,1.0,1.5,1.0,0.5,1.5,1.0,2.0,1.0,15.0,0.7,1.3,3.0,4.0,0.7,2.0,3.0,2.0,2.0,1.0,0.5,3.0,3.0,2.5,4.0,5.0,0.5,0.8,3.5,2.0,5.0,2.5,0.5,2.0,7.0,0.5,0.5,15.0,3.5,1.5,2.0,2.5,35.0,3.0,7.0,8.0,5.0,3.5,2.0,6.0,1.0,4.0,10.0,2.0,5.0,1.5,7.0,4.0,3.5,3.0,9.0,3.0,3.0,,,,,,,,,,,,,,,,,,,,,
2020-12-14,3.5,1.5,1.5,2.5,4.0,4.0,4.0,0.5,1.0,2.0,1.0,0.5,2.5,1.5,2.0,1.0,15.0,0.7,1.5,4.0,0.7,2.0,3.0,2.0,3.5,1.0,4.0,4.0,2.5,5.0,5.0,0.5,1.0,4.0,2.0,0.5,1.5,7.0,0.5,0.5,15.0,4.0,2.5,1.0,2.7,35.0,2.0,7.0,8.0,5.0,5.0,2.0,6.0,1.0,4.0,12.0,2.0,6.0,3.5,4.0,4.0,4.0,3.5,8.0,2.5,3.0,,,,,,,,,,,,,,,,,,,,,,,,,,,
2020-12-17,3.0,0.7,3.5,5.0,1.5,1.5,2.5,4.0,4.0,4.0,0.5,1.0,2.0,1.0,0.5,2.5,1.5,2.0,1.0,15.0,0.5,1.5,3.0,5.0,0.5,2.0,2.5,2.0,3.5,0.5,4.0,4.0,2.5,5.0,5.0,0.5,1.0,4.0,3.0,4.0,2.5,0.5,2.0,7.0,0.5,0.5,15.0,4.0,2.5,2.7,35.0,2.0,7.0,11.0,5.0,15.0,5.0,2.0,6.0,1.0,4.0,12.0,2.0,6.0,2.5,4.0,4.0,4.0,3.5,8.0,3.0,,,,,,,,,,,,,,,,,,,,,,
2020-12-21,0.7,3.5,5.0,1.5,1.5,2.5,4.0,2.5,4.0,0.5,1.0,2.0,1.0,0.5,2.5,1.5,2.0,1.0,15.0,0.7,1.5,3.0,5.0,0.7,2.0,2.5,2.0,3.5,1.0,0.5,3.5,3.0,2.5,5.0,5.0,0.5,1.0,4.0,3.0,4.0,1.5,0.5,2.0,7.0,0.5,0.5,15.0,4.0,2.5,2.0,2.7,35.0,2.0,7.0,11.0,6.0,15.0,5.0,2.0,6.0,1.0,4.0,12.0,2.0,6.0,2.5,4.0,4.0,4.0,3.5,8.0,3.0,3.0,,,,,,,,,,,,,,,,,,,,
2020-12-24,0.7,2.5,5.0,1.5,2.5,3.5,2.5,3.0,0.5,1.0,2.0,1.0,0.5,3.5,3.0,2.0,1.0,15.0,0.7,1.5,3.0,5.0,0.7,2.0,1.5,2.0,3.5,1.0,0.5,3.0,3.0,2.5,5.0,5.0,1.0,1.0,4.0,3.0,4.0,1.5,0.5,3.0,7.0,0.5,0.5,15.0,4.0,2.5,2.0,2.7,35.0,2.0,7.0,11.0,6.0,15.0,5.0,2.0,6.0,1.2,4.0,12.0,2.0,6.0,2.5,4.0,4.0,4.0,3.5,8.0,3.0,3.0,,,,,,,,,,,,,,,,,,,,,
2020-12-28,0.7,2.5,5.0,1.5,1.5,2.5,3.5,2.5,3.0,0.5,1.0,2.0,1.0,0.5,3.5,3.0,2.0,1.0,15.0,0.7,1.5,3.0,2.5,5.0,0.7,2.0,1.5,2.0,3.5,1.0,0.5,3.0,3.0,2.5,5.0,5.0,1.0,1.8,4.0,3.0,4.0,1.5,0.5,3.0,7.0,0.5,0.5,15.0,4.0,2.5,2.0,2.7,35.0,2.0,7.0,11.0,6.0,15.0,5.0,2.0,6.0,1.2,4.0,12.0,2.0,6.0,4.0,4.0,4.0,3.5,8.0,3.0,3.0,,,,,,,,,,,,,,,,,,,,
2020-12-31,0.7,2.5,5.0,1.5,1.5,2.5,3.5,2.5,3.0,0.5,1.0,2.0,1.0,0.5,3.5,3.0,2.0,1.0,15.0,0.7,1.5,3.0,5.0,0.7,2.0,1.5,2.0,3.5,1.0,0.5,4.0,3.0,3.0,7.0,5.0,1.0,1.8,4.0,2.0,4.0,1.5,0.5,2.0,7.0,0.5,0.5,15.0,4.0,2.5,3.0,4.5,35.0,2.0,7.0,11.0,6.0,5.0,2.0,6.0,1.2,4.0,12.0,2.0,6.0,2.5,4.0,4.0,4.0,1.5,8.0,3.0,3.0,,,,,,,,,,,,,,,,,,,,,
2021-01-02,1.0,2.0,5.0,1.5,1.5,2.5,5.5,1.5,3.0,0.5,1.0,1.5,1.0,0.5,6.0,4.5,2.0,1.0,15.0,0.7,1.5,3.0,7.0,0.7,1.5,1.0,3.0,2.0,1.0,5.0,0.5,4.5,4.5,5.5,7.0,5.0,1.0,1.5,10.0,4.5,3.0,1.8,0.8,6.5,7.0,0.5,0.5,15.0,8.0,4.0,2.5,4.0,4.5,35.0,2.0,7.0,11.0,6.0,5.0,2.0,6.0,1.2,3.0,10.0,2.0,7.0,2.5,4.0,4.0,2.0,8.0,4.0,3.0,,,,,,,,,,,,,,,,,,,,
2021-01-03,1.0,2.5,4.0,1.5,1.0,2.0,6.0,3.5,4.0,0.5,0.8,1.0,1.0,0.5,5.0,3.0,2.0,15.0,0.7,1.5,3.0,10.0,0.7,1.0,3.0,2.0,2.5,1.0,5.0,0.5,4.0,6.0,5.0,5.0,10.0,5.0,0.7,1.0,12.0,4.5,2.0,1.5,0.5,4.5,7.0,0.5,0.5,8.0,6.0,2.5,4.5,5.0,20.0,2.0,7.0,11.0,7.0,5.0,2.0,6.0,1.2,3.0,10.0,2.0,7.0,2.5,4.0,2.0,8.0,4.0,3.0,,,,,,,,,,,,,,,,,,,,,,
2021-01-14,0.7,2.0,5.0,1.5,1.5,2.5,4.0,1.5,4.0,0.5,1.0,2.0,1.0,0.5,3.5,2.0,2.0,1.0,15.0,0.7,1.5,3.0,7.0,0.7,1.5,1.0,2.0,2.0,1.0,5.0,0.5,3.0,3.0,3.0,7.0,5.0,1.0,1.5,7.0,2.0,3.0,1.5,0.5,2.0,7.0,0.5,0.5,15.0,4.0,3.5,2.5,4.0,4.5,35.0,2.0,7.0,11.0,6.0,5.0,2.0,6.0,1.2,3.0,10.0,2.0,6.0,2.5,4.0,4.0,4.0,2.0,8.0,4.0,3.0,,,,,,,,,,,,,,,,,,,
2021-01-18,1.0,2.0,5.0,1.5,1.5,2.5,4.5,1.5,4.0,0.5,1.0,2.5,1.0,0.5,3.5,3.0,2.0,1.0,15.0,0.7,1.5,3.0,7.0,0.7,1.5,1.0,3.0,2.0,1.0,5.0,0.5,3.5,3.5,3.5,7.0,5.0,1.0,1.5,7.0,2.5,3.0,1.0,0.5,2.5,7.0,0.5,0.5,15.0,6.0,3.5,2.5,4.0,4.5,35.0,2.0,7.0,11.0,6.0,5.0,2.0,6.0,1.2,3.0,10.0,2.0,6.0,2.5,4.0,4.0,4.0,2.0,8.0,4.0,3.0,,,,,,,,,,,,,,,,,,,
2021-01-21,1.0,2.0,5.0,1.5,1.5,2.5,4.5,1.5,4.0,0.5,1.0,1.5,1.0,0.5,4.5,3.0,2.0,1.0,15.0,0.7,1.5,3.0,7.0,0.7,1.5,1.0,3.0,2.0,1.0,5.0,0.5,3.5,3.5,3.5,7.0,5.0,1.0,1.5,7.0,2.5,3.0,1.0,0.5,3.0,7.0,0.5,0.5,15.0,6.0,3.5,2.5,4.0,4.5,35.0,2.0,7.0,11.0,6.0,5.0,2.0,6.0,1.2,3.0,10.0,2.0,7.0,2.5,4.0,4.0,4.0,2.0,8.0,4.0,3.0,,,,,,,,,,,,,,,,,,,
2021-01-25,1.0,2.0,5.0,1.5,1.5,2.5,4.5,1.0,3.0,0.5,1.0,1.5,1.0,0.5,5.0,4.0,2.0,1.0,15.0,0.7,1.5,3.0,7.0,0.7,1.5,1.0,3.0,2.0,1.0,5.0,0.5,4.5,3.5,4.5,7.0,5.0,1.0,1.5,8.0,3.5,3.0,1.0,0.5,4.0,7.0,0.5,0.5,15.0,8.0,6.0,2.5,4.0,4.5,35.0,2.0,7.0,11.0,6.0,5.0,2.0,6.0,1.2,3.0,10.0,2.0,7.0,2.5,4.0,4.0,2.0,8.0,4.0,3.0,,,,,,,,,,,,,,,,,,,,
2021-01-28,1.0,2.0,5.0,1.5,1.5,2.5,5.5,1.5,3.0,0.5,1.0,1.5,1.0,0.5,6.0,4.5,2.0,1.0,15.0,0.7,1.5,3.0,7.0,0.7,1.5,1.0,3.0,2.0,1.0,5.0,0.5,4.5,4.5,5.5,7.0,5.0,1.0,1.5,10.0,4.5,3.0,1.8,0.8,6.5,7.0,0.5,0.5,15.0,8.0,4.0,2.5,4.0,4.5,35.0,2.0,7.0,11.0,6.0,5.0,2.0,6.0,1.2,3.0,10.0,2.0,7.0,2.5,4.0,4.0,2.0,8.0,4.0,3.0,,,,,,,,,,,,,,,,,,,,
2021-02-15,1.0,2.5,5.0,1.5,1.5,2.5,6.5,2.5,3.0,0.5,1.0,1.0,1.0,0.5,6.0,3.5,2.0,1.0,15.0,0.7,1.5,3.0,10.0,0.7,1.0,1.0,3.0,2.5,1.0,5.0,0.5,6.0,5.0,5.0,7.0,5.0,1.0,1.5,10.0,3.0,3.0,2.0,0.8,3.0,7.0,0.5,0.5,15.0,8.0,4.0,2.5,4.0,4.5,35.0,2.0,7.0,11.0,6.0,5.0,2.0,6.0,1.2,3.0,10.0,2.0,7.0,2.5,4.0,4.0,2.0,8.0,4.0,3.0,,,,,,,,,,,,,,,,,,,,
2021-02-18,1.0,2.5,5.0,1.5,1.5,2.5,6.5,2.5,3.0,0.5,1.0,1.0,1.0,0.5,6.0,3.5,2.0,1.0,15.0,0.7,1.5,3.0,10.0,0.7,1.0,1.0,3.0,2.5,1.0,5.0,0.5,6.0,5.0,5.0,7.0,5.0,1.0,1.5,10.0,3.0,2.5,2.0,0.8,3.0,7.0,0.5,0.5,15.0,10.0,4.0,2.5,4.0,4.5,35.0,2.0,7.0,11.0,6.0,5.0,2.0,6.0,1.2,3.0,8.0,2.0,7.0,2.5,4.0,4.0,2.0,8.0,4.0,3.0,,,,,,,,,,,,,,,,,,,,
2021-02-22,1.0,2.5,4.0,1.5,1.5,2.5,6.0,2.5,3.0,0.5,1.0,1.0,1.0,0.5,6.0,3.5,2.0,1.0,15.0,0.7,1.5,3.0,10.0,0.7,1.0,1.5,3.0,2.5,1.0,5.0,0.5,5.0,5.0,4.0,7.0,5.0,1.0,1.5,10.0,3.0,2.5,2.0,0.8,3.0,7.0,0.5,0.5,15.0,10.0,6.0,2.5,4.0,4.5,35.0,2.0,7.0,11.0,6.0,5.0,2.0,6.0,1.2,3.0,8.0,2.0,7.0,2.5,4.0,4.0,2.0,8.0,4.0,3.0,,,,,,,,,,,,,,,,,,,,
2021-02-25,1.0,2.5,4.0,1.5,1.5,2.5,5.0,2.5,3.0,0.5,1.0,1.0,1.0,0.5,6.0,3.5,2.0,1.0,15.0,0.7,1.5,3.0,10.0,0.7,1.0,1.5,3.0,2.5,1.0,4.0,0.5,5.0,5.0,4.0,7.0,5.0,1.0,1.5,10.0,3.0,2.0,2.0,0.8,3.0,7.0,0.5,0.5,15.0,10.0,6.0,2.5,4.5,4.5,35.0,2.0,7.0,11.0,7.0,5.0,2.0,6.0,1.2,3.0,10.0,2.0,7.0,2.5,4.0,4.0,2.0,8.0,4.0,3.0,,,,,,,,,,,,,,,,,,,,
2021-03-05,1.0,1.5,5.0,2.5,2.5,3.0,3.0,6.0,1.5,3.0,0.5,0.8,1.0,1.5,0.5,1.5,1.0,3.0,0.8,15.0,1.0,1.5,3.0,4.0,1.0,1.5,1.0,2.0,1.5,1.0,5.0,0.5,3.0,3.0,3.0,2.5,10.0,8.5,0.7,1.0,3.0,1.5,3.0,2.5,0.7,1.5,7.0,0.5,0.5,10.0,4.5,20.0,2.0,11.0,7.0,11.0,7.0,8.0,5.0,3.0,6.0,1.2,3.0,9.0,3.5,3.0,2.0,7.0,5.0,2.0,3.0,10.0,3.0,,,,,,,,,,,,,,,,,,,,
2021-03-06,2.0,1.0,2.5,1.5,1.0,1.5,2.0,6.0,3.0,0.5,1.0,1.0,0.5,1.5,0.7,3.0,0.8,10.0,5.0,1.0,1.5,2.0,4.0,1.0,1.5,3.0,2.0,1.0,5.0,0.5,3.0,2.0,2.5,1.5,3.0,6.0,0.7,1.0,5.0,2.0,2.0,1.8,0.7,1.5,7.0,0.5,0.5,4.5,20.0,3.0,4.0,7.0,11.0,7.0,5.0,5.0,4.0,6.0,3.0,7.0,3.5,3.0,2.0,7.0,1.0,10.0,10.0,2.0,3.0,5.0,8.0,5.0,5.0,2.0,3.0,,,,,,,,,,,,,,,,,,
2021-03-17,1.0,2.5,6.0,1.5,2.0,9.0,5.0,4.0,0.5,0.8,1.5,1.0,0.5,3.5,2.5,3.0,0.8,15.0,1.0,1.5,4.0,10.0,0.7,1.0,2.0,2.0,2.5,1.0,5.0,0.5,4.0,8.0,6.0,6.5,15.0,8.5,0.7,1.0,13.0,3.5,3.5,2.5,0.5,3.5,0.5,0.5,8.0,6.0,4.5,5.0,20.0,2.0,20.0,7.0,11.0,7.0,20.0,5.0,6.0,1.2,3.0,10.0,3.5,3.0,2.0,7.0,4.0,4.0,2.0,20.0,8.0,4.0,3.0,,,,,,,,,,,,,,,,,,,,
2021-03-18,1.0,2.5,6.0,1.5,1.0,2.0,8.0,5.0,4.5,0.5,0.8,1.5,1.0,0.5,3.5,3.0,3.0,0.8,15.0,1.0,1.5,4.0,10.0,0.7,1.0,2.5,2.0,2.0,1.0,5.0,0.5,4.0,7.0,5.5,6.0,15.0,8.5,0.7,1.0,13.0,3.0,4.0,3.0,0.5,3.0,7.0,0.5,0.5,8.0,6.0,2.5,4.5,5.0,20.0,2.0,20.0,7.0,11.0,7.0,20.0,5.0,2.0,6.0,1.2,3.0,10.0,3.5,3.0,2.0,7.0,4.0,4.0,2.0,20.0,8.0,4.0,3.0,,,,,,,,,,,,,,,,
2021-03-22,1.0,1.5,1.0,2.0,7.0,5.0,4.5,0.5,0.8,1.5,4.0,1.0,0.5,8.0,3.0,3.0,3.0,0.8,15.0,1.0,1.5,10.0,0.7,1.0,2.5,2.0,2.0,1.0,5.0,0.5,4.0,7.0,5.0,6.0,15.0,8.5,0.7,1.0,13.0,3.0,3.0,0.5,3.0,7.0,0.5,8.0,6.0,2.5,4.5,5.0,20.0,2.0,20.0,7.0,11.0,7.0,20.0,2.0,6.0,1.2,3.0,10.0,3.5,3.0,2.0,7.0,4.0,4.0,4.0,2.0,20.0,7.0,3.0,,,,,,,,,,,,,,,,,,,,
2021-03-25,0.5,1.0,2.5,6.0,1.5,1.0,2.0,7.0,5.0,4.0,0.5,0.8,1.5,1.0,0.5,3.0,3.0,3.0,0.8,15.0,1.0,1.5,4.0,10.0,0.7,1.0,2.5,2.0,2.0,1.0,5.0,0.5,4.0,7.0,4.5,6.0,15.0,8.5,0.7,1.0,10.0,3.0,4.0,3.0,0.5,3.0,7.0,0.5,8.0,6.0,2.5,4.5,5.0,20.0,2.0,20.0,7.0,11.0,7.0,15.0,5.0,2.0,6.0,1.2,3.0,10.0,3.5,3.0,2.0,7.0,6.0,4.0,2.0,20.0,8.0,3.0,,,,,,,,,,,,,,,,,
2021-03-29,1.0,2.0,6.0,1.5,1.0,2.0,7.0,5.0,4.0,0.5,0.8,1.5,1.0,0.5,3.0,2.5,3.0,0.8,15.0,1.0,1.5,4.0,10.0,0.7,1.0,2.5,2.0,2.0,1.0,5.0,0.5,4.0,7.0,4.5,6.0,15.0,8.5,0.7,1.0,10.0,3.0,2.5,4.0,3.0,0.5,3.0,7.0,0.5,0.5,8.0,6.0,2.5,4.5,5.0,20.0,2.0,20.0,7.0,11.0,7.0,15.0,5.0,2.0,6.0,1.2,3.0,10.0,3.5,3.0,2.0,7.0,4.0,2.0,20.0,8.0,3.0,,,,,,,,,,,,,,,,,
2021-04-01,0.7,2.5,5.0,1.5,1.5,2.5,4.5,2.5,3.0,0.5,1.0,2.0,1.0,0.5,3.5,3.0,2.0,1.0,15.0,0.7,1.5,3.0,5.0,0.7,2.0,1.5,2.0,2.5,1.0,0.5,4.0,4.0,3.5,7.0,5.0,1.0,1.8,7.0,2.5,4.0,1.5,0.5,2.0,7.0,0.5,0.5,15.0,4.0,2.5,3.0,4.5,35.0,2.0,7.0,11.0,6.0,5.0,2.0,6.0,1.2,4.0,12.0,2.0,6.0,2.5,4.0,4.0,4.0,2.0,8.0,3.0,3.0,,,,,,,,,,,,,,,,,,,,,
2021-04-02,1.0,3.0,5.0,1.5,1.5,2.5,5.5,1.5,3.0,0.5,1.0,1.5,1.0,0.5,6.0,4.5,2.0,1.0,15.0,0.7,1.5,3.0,7.0,0.7,1.5,1.0,3.0,3.0,1.0,0.5,4.5,4.5,5.5,7.0,5.0,1.0,1.5,10.0,4.0,3.0,1.8,0.8,6.5,7.0,0.5,0.5,15.0,8.0,4.0,2.5,4.0,4.5,35.0,2.0,7.0,11.0,6.0,5.0,2.0,6.0,1.2,3.0,10.0,2.0,7.0,2.5,4.0,4.0,2.0,8.0,4.0,3.0,,,,,,,,,,,,,,,,,,,,,
2021-04-03,1.0,2.5,4.0,1.5,1.0,2.0,8.0,3.5,4.0,0.5,0.8,1.5,1.0,0.5,5.0,2.5,2.0,1.0,15.0,0.7,1.5,3.0,10.0,0.7,1.0,3.0,2.0,2.5,1.0,5.0,0.5,4.0,7.0,6.0,5.5,15.0,5.0,0.7,1.0,13.0,4.5,3.0,1.5,0.5,4.5,7.0,0.5,0.5,8.0,6.0,2.5,4.5,5.0,20.0,2.0,7.0,11.0,7.0,5.0,2.0,6.0,1.2,3.0,10.0,2.0,7.0,3.0,4.0,2.0,20.0,8.0,4.0,3.0,,,,,,,,,,,,,,,,,,,,
2021-04-15,1.0,2.5,8.0,2.5,3.0,3.5,8.0,6.0,2.5,3.0,0.5,0.8,2.0,1.5,0.5,5.0,3.5,3.0,0.8,15.0,1.0,1.5,4.5,8.0,1.0,1.5,3.0,2.0,2.5,1.0,5.0,0.5,3.0,8.0,6.0,6.0,13.0,8.5,0.7,1.0,10.0,2.0,4.5,3.5,0.7,2.0,7.0,0.5,0.5,10.0,4.5,25.0,2.0,12.0,7.0,11.0,7.0,15.0,5.0,3.0,6.0,1.2,3.0,7.0,3.5,3.0,2.0,7.0,4.0,2.0,6.0,10.0,7.0,3.0,,,,,,,,,,,,,,,,,,,
2021-04-19,1.0,2.5,8.0,2.5,3.5,8.0,6.0,2.5,3.0,0.5,0.8,2.0,1.0,0.5,4.5,3.0,3.0,15.0,1.0,1.5,4.5,8.0,1.0,1.5,1.5,2.0,2.5,1.0,5.0,0.5,3.0,8.0,6.0,6.0,13.0,8.5,0.7,1.0,10.0,3.0,4.5,3.5,0.7,2.0,7.0,0.5,0.5,10.0,4.5,20.0,2.0,13.0,7.0,11.0,7.0,15.0,5.0,3.0,6.0,1.2,3.0,7.0,3.5,3.0,2.0,7.0,5.0,2.0,5.0,10.0,7.0,3.0,,,,,,,,,,,,,,,,,,,,,
2021-04-22,1.0,2.5,8.0,2.5,3.0,5.0,6.0,2.0,3.0,0.5,0.8,1.5,1.5,0.5,3.5,2.8,0.8,15.0,1.0,1.5,4.5,6.0,1.0,1.5,1.5,2.0,2.5,1.0,5.0,0.5,3.0,6.0,6.0,6.0,13.0,8.5,0.7,1.0,8.0,2.5,4.5,3.5,0.7,2.0,7.0,0.5,0.5,10.0,4.5,20.0,2.0,6.0,7.0,11.0,7.0,13.0,5.0,3.0,6.0,1.2,3.0,7.0,3.5,3.0,2.0,7.0,5.0,2.0,5.0,10.0,7.0,3.0,,,,,,,,,,,,,,,,,,,,,
2021-04-26,1.0,2.5,8.0,2.5,3.0,3.5,3.5,6.0,1.5,3.0,0.5,2.0,1.5,0.5,2.5,2.0,3.0,0.8,15.0,1.0,1.5,4.0,8.0,1.0,1.5,1.0,2.0,2.5,1.0,5.0,0.5,3.0,4.0,5.0,3.5,13.0,8.5,0.7,1.0,4.0,2.0,3.5,2.5,0.7,1.5,7.0,0.5,0.8,0.5,10.0,4.5,20.0,2.0,11.0,7.0,11.0,7.0,15.0,5.0,3.0,6.0,1.2,3.0,7.0,3.5,3.0,2.0,7.0,5.0,2.0,4.0,10.0,6.0,3.0,,,,,,,,,,,,,,,,,,,
2021-04-29,1.0,2.5,7.0,2.5,3.0,3.5,3.0,6.0,1.5,3.0,0.5,0.8,1.0,1.5,0.5,3.0,2.0,3.0,0.8,15.0,1.0,1.5,4.0,8.0,1.0,1.5,1.0,2.0,2.5,1.0,5.0,0.5,3.0,3.0,4.0,3.5,13.0,8.5,0.7,1.0,4.0,2.0,4.0,2.5,0.7,1.5,7.0,0.5,0.5,10.0,4.5,20.0,2.0,11.0,7.0,11.0,7.0,15.0,5.0,3.0,6.0,1.2,3.0,9.0,3.5,3.0,2.0,7.0,5.0,2.0,4.0,10.0,6.0,3.0,,,,,,,,,,,,,,,,,,,
2021-05-17,1.0,1.5,5.0,2.5,2.5,3.0,2.5,6.0,3.0,0.5,1.8,1.0,1.5,0.5,1.5,1.0,3.0,0.8,15.0,1.0,1.5,2.5,4.0,1.0,1.5,1.0,2.0,1.5,1.0,5.0,0.5,3.0,2.5,2.5,2.0,10.0,7.0,0.7,1.0,3.0,2.0,3.0,2.5,0.7,1.5,7.0,0.5,0.5,10.0,4.5,20.0,3.5,3.0,11.0,7.0,11.0,7.0,8.0,5.0,4.0,6.0,1.2,3.0,9.0,3.5,3.0,2.0,7.0,3.5,2.0,3.0,10.0,5.0,3.0,,,,,,,,,,,,,,,,,,,
2021-05-20,2.0,1.0,3.0,2.5,2.5,3.0,2.0,6.0,3.0,0.5,1.8,1.0,1.5,0.5,1.5,0.7,3.0,0.8,15.0,5.0,1.0,1.5,2.5,4.0,1.0,1.5,1.5,2.0,1.0,1.0,5.0,0.5,3.0,2.0,2.5,2.0,4.0,7.0,0.7,1.0,3.0,2.0,3.0,2.5,0.7,1.5,7.0,0.5,0.5,10.0,4.5,20.0,3.5,3.0,7.0,11.0,7.0,8.0,5.0,4.0,6.0,1.2,3.0,7.0,3.5,3.0,2.0,7.0,2.0,2.0,3.0,10.0,4.0,3.0,,,,,,,,,,,,,,,,,,,
2021-05-24,2.0,1.0,3.0,1.5,1.5,1.5,2.0,6.0,3.0,0.5,1.5,1.0,0.5,1.5,0.7,3.0,0.8,10.0,5.0,1.0,1.5,2.5,4.0,1.0,1.5,1.5,2.0,1.0,1.0,5.0,0.5,3.0,2.0,2.5,1.5,3.0,6.0,0.7,1.0,3.0,2.0,2.5,1.8,0.7,1.5,7.0,0.5,0.5,20.0,3.5,3.0,7.0,11.0,7.0,8.0,5.0,4.0,6.0,3.0,7.0,3.5,3.0,2.0,7.0,2.0,2.0,3.0,10.0,4.0,3.0,,,,,,,,,,,,,,,,,,,,,,,
2021-05-27,2.0,1.0,2.0,1.5,1.5,1.5,2.0,6.0,3.0,0.5,1.0,1.0,0.5,1.5,0.7,3.0,0.8,10.0,5.0,1.0,1.5,2.0,4.0,1.0,1.0,1.5,2.0,1.0,5.0,0.5,3.0,2.0,2.5,1.5,3.0,6.0,0.7,1.0,3.0,2.0,2.0,1.8,0.7,1.5,7.0,0.5,0.5,4.5,20.0,3.5,3.0,5.0,7.0,11.0,7.0,5.0,5.0,4.0,6.0,3.0,7.0,3.5,3.0,2.0,7.0,1.0,10.0,10.0,2.0,3.0,5.0,8.0,5.0,5.0,2.0,3.0,,,,,,,,,,,,,,,,,
2021-05-31,2.0,1.0,2.5,1.5,1.0,1.5,2.0,6.0,3.0,0.5,1.0,1.0,0.5,1.5,0.7,3.0,0.8,10.0,5.0,1.0,1.5,2.0,4.0,1.0,1.5,1.5,2.0,1.0,5.0,0.5,3.0,2.0,2.5,1.5,3.0,6.0,0.7,4.0,2.0,2.0,1.8,0.7,1.5,7.0,0.5,0.5,4.5,20.0,3.0,3.0,5.0,7.0,11.0,7.0,5.0,5.0,6.0,3.0,7.0,3.5,3.0,2.0,7.0,1.0,10.0,10.0,2.0,3.0,5.0,8.0,5.0,5.0,2.0,3.0,,,,,,,,,,,,,,,,,,,
2021-06-05,1.0,1.5,5.0,2.5,3.0,2.5,6.0,1.5,3.0,0.5,0.8,1.0,1.5,0.5,1.5,1.0,3.0,0.8,15.0,1.0,1.5,3.0,4.0,1.0,1.5,1.0,2.0,1.5,1.0,0.5,3.0,2.5,2.5,2.0,10.0,7.0,0.7,1.0,2.5,2.0,3.0,2.5,0.7,1.5,7.0,0.5,10.0,4.5,20.0,2.0,3.0,11.0,7.0,11.0,7.0,3.0,6.0,1.2,3.0,9.0,7.0,5.0,2.0,3.0,10.0,5.0,3.0,,,,,,,,,,,,,,,,,,,,,,,,,,
2021-06-14,2.0,2.5,1.0,2.5,1.5,1.0,1.5,2.0,6.0,3.0,0.5,1.4,1.0,0.5,1.5,0.7,3.0,0.8,10.0,5.0,1.0,1.5,2.0,4.0,1.0,2.0,3.0,2.0,1.0,5.0,0.5,3.0,2.5,2.5,1.5,3.0,4.0,0.7,1.0,5.0,1.0,2.0,1.8,0.7,1.5,7.0,0.5,0.5,4.5,20.0,3.0,4.0,7.0,11.0,7.0,5.0,3.0,4.0,6.0,3.0,9.0,10.0,3.5,3.0,2.0,7.0,0.5,10.0,8.0,2.0,3.0,5.0,8.0,5.0,3.0,2.0,3.0,,,,,,,,,,,,,,,,
2021-06-21,0.5,9.0,2.0,2.0,1.5,2.5,1.0,2.5,1.5,1.0,1.5,2.0,6.0,3.0,0.5,1.4,1.0,0.5,1.5,0.7,3.0,0.8,10.0,5.0,1.0,1.5,2.0,4.0,1.0,2.0,3.0,2.0,1.0,5.0,0.5,3.0,2.5,1.5,1.5,3.0,2.0,0.7,1.0,5.0,1.0,2.0,1.8,0.7,1.5,7.0,0.5,0.5,20.0,3.0,4.0,7.0,11.0,7.0,3.0,4.0,6.0,3.0,9.0,10.0,3.5,3.0,2.0,7.0,0.5,4.0,4.0,2.0,4.0,8.0,5.0,3.0,1.5,3.0,,,,,,,,,,,,,,,
2021-06-24,0.5,9.0,2.0,1.5,2.5,1.0,2.5,1.5,1.0,1.5,2.0,6.0,3.0,0.5,1.4,1.0,0.5,1.5,0.7,3.0,0.8,8.0,5.0,1.0,1.5,2.0,3.0,1.0,2.0,3.0,2.0,1.0,5.0,0.5,3.0,2.0,1.5,1.5,3.0,2.0,0.7,1.0,5.0,1.0,2.0,1.8,0.7,1.5,7.0,0.5,0.5,20.0,3.0,4.0,7.0,11.0,7.0,3.0,4.0,6.0,3.0,9.0,3.5,3.0,2.0,7.0,0.5,4.0,3.0,2.0,4.0,8.0,5.0,3.0,1.5,5.0,,,,,,,,,,,,,,,,,
2021-07-01,0.7,2.0,5.0,1.5,1.5,2.5,4.0,2.5,4.0,0.5,1.0,2.0,1.0,0.5,3.5,3.0,2.0,1.0,15.0,0.7,1.5,3.0,7.0,0.7,2.0,1.0,2.0,2.5,1.0,0.5,4.0,4.0,3.5,7.0,5.0,1.0,1.8,7.0,2.5,4.0,1.5,0.5,2.0,7.0,0.5,0.5,15.0,4.0,2.5,3.0,4.0,4.5,35.0,2.0,7.0,11.0,6.0,5.0,2.0,6.0,1.2,3.0,10.0,2.0,6.0,2.5,4.0,4.0,4.0,2.0,8.0,3.0,3.0,,,,,,,,,,,,,,,,,,,,
2021-07-06,2.0,1.0,2.5,1.5,1.0,1.5,2.0,6.0,3.0,0.5,1.4,1.0,0.5,1.5,0.7,3.0,0.8,10.0,5.0,1.0,1.5,2.0,4.0,1.0,1.5,3.0,2.0,1.0,5.0,0.5,3.0,2.0,2.5,1.5,3.0,6.0,0.7,1.0,5.0,2.0,2.0,1.8,0.7,1.5,7.0,0.5,0.5,4.5,20.0,3.0,4.0,7.0,11.0,7.0,5.0,5.0,4.0,6.0,3.0,7.0,3.5,3.0,2.0,7.0,0.5,10.0,10.0,2.0,3.0,5.0,8.0,5.0,5.0,2.0,3.0,,,,,,,,,,,,,,,,,,
2021-08-02,1.0,3.0,5.0,1.5,1.5,2.5,5.5,1.5,3.0,0.5,1.0,1.0,1.0,0.5,6.0,4.0,2.0,1.0,15.0,0.7,1.5,3.0,7.0,0.7,1.0,1.0,3.0,3.0,1.0,5.0,0.5,4.5,4.5,5.0,7.0,5.0,1.0,1.5,10.0,4.0,3.0,2.0,0.5,6.5,7.0,0.5,0.5,15.0,8.0,4.0,2.5,4.0,4.5,35.0,2.0,7.0,11.0,6.0,5.0,2.0,6.0,1.2,3.0,10.0,2.0,7.0,2.5,4.0,4.0,2.0,8.0,4.0,3.0,,,,,,,,,,,,,,,,,,,,
2021-08-03,2.0,20.0,1.0,5.0,1.0,15.0,2.0,0.8,1.5,7.0,1.0,2.0,9.0,5.0,1.5,4.0,1.0,8.0,1.5,4.0,10.0,0.7,1.0,2.0,2.0,2.5,1.0,5.0,0.5,4.0,8.0,6.5,15.0,7.0,0.7,1.0,15.0,4.5,2.5,0.5,4.5,7.0,0.5,4.5,5.0,20.0,20.0,2.0,8.0,7.0,11.0,6.0,6.0,1.2,3.0,10.0,3.5,2.0,2.0,7.0,0.5,4.0,3.5,2.5,2.5,8.0,3.0,,,,,,,,,,,,,,,,,,,,,,,,,,
2021-10-06,2.0,1.0,2.5,1.5,1.0,1.5,2.0,6.0,3.0,0.5,1.4,1.0,0.5,1.5,0.7,3.0,0.8,25.0,10.0,1.0,1.5,2.0,4.0,1.0,1.5,3.0,2.0,1.0,5.0,0.5,3.0,2.0,2.5,1.5,3.0,6.0,0.7,1.0,5.0,2.0,2.0,1.5,0.7,1.5,7.0,0.5,0.5,4.5,20.0,3.0,4.0,7.0,11.0,7.0,5.0,5.0,4.0,6.0,3.0,7.0,3.5,3.0,2.0,7.0,0.5,10.0,10.0,2.0,3.0,5.0,8.0,5.0,5.0,2.0,3.0,,,,,,,,,,,,,,,,,,
2021-11-01,0.7,2.0,5.0,1.5,1.5,2.5,4.0,2.5,4.0,0.5,1.0,2.0,1.0,0.5,3.5,2.0,2.0,1.0,15.0,0.7,1.5,3.0,7.0,0.7,1.5,1.0,2.0,2.5,1.0,5.0,0.5,3.0,3.0,3.5,7.0,1.0,2.0,7.0,2.5,3.0,1.5,0.5,2.5,7.0,0.5,0.5,15.0,4.0,2.5,3.0,4.0,4.5,35.0,2.0,7.0,11.0,4.0,5.0,2.0,6.0,1.2,3.0,10.0,2.0,6.0,2.5,4.0,4.0,4.0,2.0,8.0,4.0,3.0,,,,,,,,,,,,,,,,,,,,
2021-11-02,1.0,2.5,5.0,1.5,1.5,2.5,5.5,1.5,3.0,0.5,1.0,1.0,1.0,0.5,6.0,3.0,2.0,1.0,15.0,0.7,1.5,3.0,7.0,0.7,1.0,1.0,3.0,2.5,1.0,5.0,0.5,4.5,4.5,5.0,7.0,5.0,1.0,1.5,10.0,2.0,3.0,2.0,0.5,2.5,7.0,0.5,0.5,8.0,4.0,2.5,4.0,4.5,35.0,2.0,7.0,11.0,6.0,5.0,2.0,6.0,1.2,3.0,10.0,2.0,7.0,2.5,4.0,4.0,2.0,8.0,4.0,3.0,,,,,,,,,,,,,,,,,,,,,
2021-11-03,1.0,2.5,6.0,1.5,1.0,2.0,9.0,5.0,4.0,0.5,0.8,1.5,1.0,0.5,3.5,2.5,3.0,15.0,1.0,1.5,4.0,10.0,0.7,1.0,2.0,2.0,2.5,1.0,5.0,0.5,4.0,8.0,7.0,6.5,15.0,7.0,0.7,1.0,15.0,3.5,3.5,2.5,0.5,3.5,7.0,0.5,0.5,8.0,6.0,2.5,4.5,5.0,20.0,2.0,7.0,11.0,7.0,5.0,2.0,6.0,1.2,3.0,10.0,3.5,3.0,2.0,7.0,4.0,4.0,2.0,20.0,8.0,4.0,3.0,,,,,,,,,,,,,,,,,,,
2021-12-03,0.8,0.8,,,,,,,,,,,,,,,,,,,,,,,,,,,,,,,,,,,,,,,,,,,,,,,,,,,,,,,,,,,,,,,,,,,,,,,,,,,,,,,,,,,,,,,,,,,
2021-12-04,1.0,2.0,7.0,2.5,3.5,8.0,6.0,3.0,0.5,0.8,1.5,1.5,0.5,2.0,2.0,3.0,0.8,15.0,1.0,1.5,4.5,8.0,1.0,1.0,3.0,2.0,2.0,1.0,5.0,0.5,3.0,8.0,6.0,6.0,15.0,8.5,0.7,1.0,10.0,2.0,4.0,3.5,0.5,2.0,7.0,0.5,8.0,10.0,2.5,4.5,5.0,20.0,2.0,12.0,7.0,11.0,7.0,15.0,5.0,3.0,6.0,1.2,3.0,7.0,3.5,3.0,2.0,7.0,4.0,2.0,8.0,10.0,7.0,3.0,,,,,,,,,,,,,,,,,,,
